interval_begin;interval_end;interval_flow;interval_harmonicMeanSpeed;interval_id;interval_length;interval_nVehContrib;interval_nVehEntered;interval_occupancy;interval_speed
0.00;300.00;0.00;-1.00;E0_0_0m;-1.00;0;0;0.00;-1.00
0.00;300.00;0.00;-1.00;E0_1_0m;-1.00;0;0;0.00;-1.00
0.00;300.00;1908.00;26.74;E0_0_100m;5.00;159;159;9.91;26.88
0.00;300.00;2268.00;28.07;E0_1_100m;5.00;189;189;11.22;28.17
0.00;300.00;1896.00;26.57;E0_0_200m;5.00;158;158;9.91;26.72
0.00;300.00;2208.00;28.26;E0_1_200m;5.00;184;186;10.91;28.38
0.00;300.00;1848.00;26.54;E0_0_300m;5.00;154;154;9.67;26.69
0.00;300.00;2196.00;28.18;E0_1_300m;5.00;183;183;10.82;28.30
0.00;300.00;1824.00;26.47;E0_0_400m;5.00;152;152;9.57;26.64
0.00;300.00;2160.00;28.24;E0_1_400m;5.00;180;180;10.63;28.37
0.00;300.00;1836.00;26.31;E0_0_500m;5.00;153;153;9.69;26.50
0.00;300.00;2088.00;28.28;E0_1_500m;5.00;174;175;10.28;28.45
0.00;300.00;1800.00;26.31;E0_0_600m;5.00;150;150;9.50;26.48
0.00;300.00;2064.00;28.19;E0_1_600m;5.00;172;172;10.17;28.38
0.00;300.00;1752.00;26.17;E0_0_700m;5.00;146;146;9.30;26.34
0.00;300.00;2040.00;28.05;E0_1_700m;5.00;170;170;10.10;28.22
0.00;300.00;1692.00;25.98;E0_0_800m;5.00;141;141;9.05;26.15
0.00;300.00;2028.00;27.90;E0_1_800m;5.00;169;169;10.10;28.07
0.00;300.00;1656.00;26.04;E0_0_900m;5.00;138;139;8.85;26.21
0.00;300.00;2004.00;27.70;E0_1_900m;5.00;167;167;10.05;27.88
0.00;300.00;1632.00;26.10;E0_0_1000m;5.00;136;136;8.68;26.26
0.00;300.00;1956.00;27.63;E0_1_1000m;5.00;163;163;9.83;27.80
0.00;300.00;1620.00;26.08;E0_0_1100m;5.00;135;135;8.63;26.22
0.00;300.00;1896.00;27.50;E0_1_1100m;5.00;158;158;9.57;27.67
0.00;300.00;1572.00;25.99;E0_0_1200m;5.00;131;131;8.40;26.13
0.00;300.00;1872.00;27.44;E0_1_1200m;5.00;156;157;9.53;27.62
0.00;300.00;1512.00;25.91;E0_0_1300m;5.00;126;126;8.10;26.05
0.00;300.00;1872.00;27.43;E0_1_1300m;5.00;156;156;9.48;27.62
0.00;300.00;1476.00;26.02;E0_0_1400m;5.00;123;123;7.88;26.17
0.00;300.00;1836.00;27.41;E0_1_1400m;5.00;153;153;9.30;27.62
0.00;300.00;1488.00;26.12;E0_0_1500m;5.00;124;124;7.91;26.30
0.00;300.00;1776.00;27.33;E0_1_1500m;5.00;148;148;9.03;27.54
0.00;300.00;1452.00;26.03;E0_0_1600m;5.00;121;121;7.75;26.21
0.00;300.00;1776.00;27.25;E0_1_1600m;5.00;148;148;9.05;27.44
0.00;300.00;1428.00;25.91;E0_0_1700m;5.00;119;119;7.65;26.08
0.00;300.00;1764.00;27.20;E0_1_1700m;5.00;147;147;9.01;27.40
0.00;300.00;1392.00;25.91;E0_0_1800m;5.00;116;116;7.46;26.06
0.00;300.00;1728.00;27.11;E0_1_1800m;5.00;144;144;8.85;27.31
0.00;300.00;1344.00;25.93;E0_0_1900m;5.00;112;112;7.20;26.08
0.00;300.00;1704.00;27.08;E0_1_1900m;5.00;142;142;8.74;27.29
0.00;300.00;1332.00;26.00;E0_0_2000m;5.00;111;111;7.12;26.14
0.00;300.00;1656.00;26.99;E0_1_2000m;5.00;138;138;8.52;27.22
0.00;300.00;1320.00;26.12;E0_0_2100m;5.00;110;110;7.02;26.26
0.00;300.00;1596.00;26.79;E0_1_2100m;5.00;133;133;8.27;27.01
0.00;300.00;1296.00;26.09;E0_0_2200m;5.00;108;108;6.90;26.23
0.00;300.00;1572.00;26.69;E0_1_2200m;5.00;131;131;8.18;26.91
0.00;300.00;1284.00;26.05;E0_0_2300m;5.00;107;107;6.85;26.18
0.00;300.00;1572.00;26.61;E0_1_2300m;5.00;131;131;8.21;26.82
0.00;300.00;1260.00;26.01;E0_0_2400m;5.00;105;105;6.73;26.14
0.00;300.00;1560.00;26.50;E0_1_2400m;5.00;130;130;8.18;26.71
0.00;300.00;1236.00;25.92;E0_0_2500m;5.00;103;103;6.62;26.05
0.00;300.00;1536.00;26.41;E0_1_2500m;5.00;128;129;8.09;26.61
0.00;300.00;1224.00;25.84;E0_0_2600m;5.00;102;102;6.58;25.96
0.00;300.00;1512.00;26.36;E0_1_2600m;5.00;126;126;7.97;26.57
0.00;300.00;1176.00;25.74;E0_0_2700m;5.00;98;98;6.35;25.86
0.00;300.00;1488.00;26.21;E0_1_2700m;5.00;124;124;7.89;26.40
0.00;300.00;1176.00;25.76;E0_0_2800m;5.00;98;98;6.34;25.90
0.00;300.00;1464.00;25.99;E0_1_2800m;5.00;122;122;7.82;26.15
0.00;300.00;1176.00;25.73;E0_0_2900m;5.00;98;98;6.35;25.88
0.00;300.00;1440.00;25.82;E0_1_2900m;5.00;120;120;7.75;25.97
0.00;300.00;1176.00;25.72;E0_0_3000m;5.00;98;99;6.36;25.87
0.00;300.00;1392.00;25.72;E0_1_3000m;5.00;116;117;7.57;25.86
0.00;300.00;1164.00;25.71;E0_0_3100m;5.00;97;97;6.29;25.87
0.00;300.00;1368.00;25.65;E0_1_3100m;5.00;114;115;7.46;25.79
0.00;300.00;1164.00;25.69;E0_0_3200m;5.00;97;97;6.29;25.84
0.00;300.00;1332.00;25.64;E0_1_3200m;5.00;111;111;7.22;25.79
0.00;300.00;1128.00;25.59;E0_0_3300m;5.00;94;94;6.12;25.74
0.00;300.00;1308.00;25.60;E0_1_3300m;5.00;109;109;7.10;25.76
0.00;300.00;1104.00;25.54;E0_0_3400m;5.00;92;92;6.00;25.69
0.00;300.00;1272.00;25.50;E0_1_3400m;5.00;106;106;6.93;25.66
0.00;300.00;1092.00;25.59;E0_0_3500m;5.00;91;91;5.93;25.76
0.00;300.00;1236.00;25.39;E0_1_3500m;5.00;103;103;6.76;25.53
0.00;300.00;1056.00;25.57;E0_0_3600m;5.00;88;89;5.78;25.75
0.00;300.00;1200.00;25.36;E0_1_3600m;5.00;100;100;6.57;25.50
0.00;300.00;1044.00;25.57;E0_0_3700m;5.00;87;87;5.67;25.75
0.00;300.00;1164.00;25.35;E0_1_3700m;5.00;97;97;6.38;25.49
0.00;300.00;1020.00;25.57;E0_0_3800m;5.00;85;85;5.54;25.75
0.00;300.00;1128.00;25.33;E0_1_3800m;5.00;94;94;6.18;25.48
0.00;300.00;996.00;25.56;E0_0_3900m;5.00;83;83;5.41;25.75
0.00;300.00;1092.00;25.33;E0_1_3900m;5.00;91;91;5.99;25.48
0.00;300.00;984.00;25.62;E0_0_4000m;5.00;82;82;5.33;25.83
0.00;300.00;1044.00;25.27;E0_1_4000m;5.00;87;87;5.74;25.42
0.00;300.00;960.00;25.69;E0_0_4100m;5.00;80;80;5.19;25.92
0.00;300.00;996.00;25.20;E0_1_4100m;5.00;83;84;5.52;25.35
0.00;300.00;924.00;25.70;E0_0_4200m;5.00;77;77;4.99;25.94
0.00;300.00;960.00;25.17;E0_1_4200m;5.00;80;81;5.33;25.32
0.00;300.00;888.00;25.70;E0_0_4300m;5.00;74;74;4.80;25.96
0.00;300.00;936.00;25.16;E0_1_4300m;5.00;78;78;5.17;25.32
0.00;300.00;852.00;25.71;E0_0_4400m;5.00;71;71;4.60;25.97
0.00;300.00;900.00;25.14;E0_1_4400m;5.00;75;75;4.97;25.31
0.00;300.00;840.00;25.76;E0_0_4500m;5.00;70;70;4.53;26.03
0.00;300.00;876.00;25.18;E0_1_4500m;5.00;73;73;4.83;25.35
0.00;300.00;852.00;25.84;E0_0_4600m;5.00;71;71;4.58;26.10
0.00;300.00;864.00;25.33;E0_1_4600m;5.00;72;72;4.74;25.52
0.00;300.00;840.00;25.84;E0_0_4700m;5.00;70;70;4.52;26.10
0.00;300.00;864.00;25.30;E0_1_4700m;5.00;72;72;4.74;25.48
0.00;300.00;828.00;25.80;E0_0_4800m;5.00;69;69;4.46;26.07
0.00;300.00;852.00;25.24;E0_1_4800m;5.00;71;71;4.69;25.42
0.00;300.00;792.00;25.79;E0_0_4900m;5.00;66;67;4.30;26.07
0.00;300.00;816.00;25.22;E0_1_4900m;5.00;68;68;4.49;25.41
0.00;300.00;780.00;25.93;E0_0_5000m;5.00;65;65;4.18;26.24
0.00;300.00;768.00;25.15;E0_1_5000m;5.00;64;65;4.30;25.34
300.00;600.00;0.00;-1.00;E0_0_0m;-1.00;0;0;0.00;-1.00
300.00;600.00;0.00;-1.00;E0_1_0m;-1.00;0;0;0.00;-1.00
300.00;600.00;1992.00;25.49;E0_0_100m;5.00;166;166;10.85;25.59
300.00;600.00;2328.00;27.63;E0_1_100m;5.00;194;194;11.70;27.72
300.00;600.00;2004.00;25.47;E0_0_200m;5.00;167;167;10.93;25.58
300.00;600.00;2340.00;27.54;E0_1_200m;5.00;195;194;11.77;27.63
300.00;600.00;2040.00;25.42;E0_0_300m;5.00;170;170;11.15;25.54
300.00;600.00;2340.00;27.46;E0_1_300m;5.00;195;195;11.83;27.55
300.00;600.00;2028.00;25.23;E0_0_400m;5.00;169;169;11.16;25.35
300.00;600.00;2340.00;27.42;E0_1_400m;5.00;195;196;11.88;27.51
300.00;600.00;1968.00;25.12;E0_0_500m;5.00;164;164;10.88;25.24
300.00;600.00;2400.00;27.31;E0_1_500m;5.00;200;199;12.18;27.40
300.00;600.00;1980.00;24.93;E0_0_600m;5.00;165;165;11.03;25.06
300.00;600.00;2400.00;27.23;E0_1_600m;5.00;200;200;12.24;27.33
300.00;600.00;1968.00;24.70;E0_0_700m;5.00;164;164;11.07;24.82
300.00;600.00;2448.00;27.12;E0_1_700m;5.00;204;204;12.54;27.22
300.00;600.00;1944.00;24.55;E0_0_800m;5.00;162;162;11.00;24.67
300.00;600.00;2484.00;27.07;E0_1_800m;5.00;207;207;12.75;27.15
300.00;600.00;1992.00;24.44;E0_0_900m;5.00;166;166;11.32;24.58
300.00;600.00;2436.00;27.04;E0_1_900m;5.00;203;204;12.53;27.13
300.00;600.00;2040.00;24.37;E0_0_1000m;5.00;170;170;11.62;24.50
300.00;600.00;2436.00;27.05;E0_1_1000m;5.00;203;203;12.51;27.15
300.00;600.00;2028.00;24.37;E0_0_1100m;5.00;169;169;11.56;24.49
300.00;600.00;2460.00;27.07;E0_1_1100m;5.00;205;205;12.62;27.17
300.00;600.00;2028.00;24.39;E0_0_1200m;5.00;169;169;11.55;24.53
300.00;600.00;2460.00;27.09;E0_1_1200m;5.00;205;204;12.56;27.19
300.00;600.00;2040.00;24.20;E0_0_1300m;5.00;170;170;11.71;24.35
300.00;600.00;2436.00;27.07;E0_1_1300m;5.00;203;203;12.50;27.16
300.00;600.00;2016.00;24.15;E0_0_1400m;5.00;168;168;11.60;24.30
300.00;600.00;2460.00;26.95;E0_1_1400m;5.00;205;206;12.69;27.04
300.00;600.00;2004.00;24.04;E0_0_1500m;5.00;167;167;11.58;24.18
300.00;600.00;2460.00;26.80;E0_1_1500m;5.00;205;206;12.81;26.88
300.00;600.00;2004.00;24.04;E0_0_1600m;5.00;167;167;11.58;24.17
300.00;600.00;2436.00;26.66;E0_1_1600m;5.00;203;203;12.69;26.74
300.00;600.00;1968.00;24.02;E0_0_1700m;5.00;164;164;11.38;24.14
300.00;600.00;2436.00;26.50;E0_1_1700m;5.00;203;203;12.77;26.59
300.00;600.00;1980.00;24.04;E0_0_1800m;5.00;165;165;11.44;24.14
300.00;600.00;2424.00;26.48;E0_1_1800m;5.00;202;202;12.71;26.56
300.00;600.00;1980.00;24.28;E0_0_1900m;5.00;165;165;11.32;24.36
300.00;600.00;2424.00;26.54;E0_1_1900m;5.00;202;202;12.68;26.65
300.00;600.00;1956.00;24.50;E0_0_2000m;5.00;163;164;11.14;24.59
300.00;600.00;2436.00;26.65;E0_1_2000m;5.00;203;204;12.71;26.78
300.00;600.00;1968.00;24.47;E0_0_2100m;5.00;164;164;11.17;24.59
300.00;600.00;2436.00;26.72;E0_1_2100m;5.00;203;204;12.71;26.87
300.00;600.00;1980.00;24.33;E0_0_2200m;5.00;165;165;11.30;24.43
300.00;600.00;2412.00;26.87;E0_1_2200m;5.00;201;201;12.47;27.04
300.00;600.00;1980.00;24.26;E0_0_2300m;5.00;165;165;11.34;24.34
300.00;600.00;2376.00;26.93;E0_1_2300m;5.00;198;198;12.25;27.10
300.00;600.00;1980.00;24.20;E0_0_2400m;5.00;165;165;11.36;24.29
300.00;600.00;2364.00;26.88;E0_1_2400m;5.00;197;197;12.21;27.04
300.00;600.00;1956.00;24.28;E0_0_2500m;5.00;163;164;11.24;24.37
300.00;600.00;2352.00;26.91;E0_1_2500m;5.00;196;196;12.16;27.06
300.00;600.00;1956.00;24.28;E0_0_2600m;5.00;163;163;11.19;24.38
300.00;600.00;2328.00;26.98;E0_1_2600m;5.00;194;195;12.01;27.13
300.00;600.00;1980.00;24.20;E0_0_2700m;5.00;165;165;11.36;24.31
300.00;600.00;2316.00;27.10;E0_1_2700m;5.00;193;193;11.87;27.24
300.00;600.00;1968.00;24.33;E0_0_2800m;5.00;164;164;11.23;24.46
300.00;600.00;2280.00;27.18;E0_1_2800m;5.00;190;190;11.65;27.32
300.00;600.00;1944.00;24.46;E0_0_2900m;5.00;162;162;11.04;24.59
300.00;600.00;2256.00;27.29;E0_1_2900m;5.00;188;188;11.48;27.43
300.00;600.00;1896.00;24.57;E0_0_3000m;5.00;158;158;10.75;24.70
300.00;600.00;2280.00;27.36;E0_1_3000m;5.00;190;189;11.52;27.50
300.00;600.00;1872.00;24.41;E0_0_3100m;5.00;156;157;10.66;24.54
300.00;600.00;2268.00;27.50;E0_1_3100m;5.00;189;188;11.40;27.63
300.00;600.00;1824.00;24.45;E0_0_3200m;5.00;152;152;10.36;24.56
300.00;600.00;2292.00;27.68;E0_1_3200m;5.00;191;192;11.50;27.80
300.00;600.00;1848.00;24.48;E0_0_3300m;5.00;154;154;10.48;24.59
300.00;600.00;2292.00;27.87;E0_1_3300m;5.00;191;191;11.42;27.98
300.00;600.00;1884.00;24.59;E0_0_3400m;5.00;157;157;10.64;24.70
300.00;600.00;2316.00;27.82;E0_1_3400m;5.00;193;193;11.56;27.95
300.00;600.00;1884.00;24.56;E0_0_3500m;5.00;157;157;10.65;24.67
300.00;600.00;2364.00;27.83;E0_1_3500m;5.00;197;197;11.80;27.95
300.00;600.00;1896.00;24.51;E0_0_3600m;5.00;158;157;10.69;24.64
300.00;600.00;2364.00;27.91;E0_1_3600m;5.00;197;197;11.76;28.02
300.00;600.00;1884.00;24.45;E0_0_3700m;5.00;157;157;10.70;24.59
300.00;600.00;2352.00;27.94;E0_1_3700m;5.00;196;196;11.69;28.06
300.00;600.00;1908.00;24.39;E0_0_3800m;5.00;159;159;10.87;24.55
300.00;600.00;2316.00;27.97;E0_1_3800m;5.00;193;194;11.55;28.09
300.00;600.00;1896.00;24.31;E0_0_3900m;5.00;158;158;10.83;24.48
300.00;600.00;2328.00;27.94;E0_1_3900m;5.00;194;194;11.57;28.06
300.00;600.00;1872.00;24.33;E0_0_4000m;5.00;156;156;10.69;24.50
300.00;600.00;2340.00;27.85;E0_1_4000m;5.00;195;195;11.67;27.97
300.00;600.00;1848.00;24.44;E0_0_4100m;5.00;154;154;10.50;24.60
300.00;600.00;2376.00;27.79;E0_1_4100m;5.00;198;197;11.85;27.91
300.00;600.00;1872.00;24.59;E0_0_4200m;5.00;156;156;10.57;24.76
300.00;600.00;2376.00;27.66;E0_1_4200m;5.00;198;198;11.91;27.79
300.00;600.00;1896.00;24.56;E0_0_4300m;5.00;158;158;10.72;24.73
300.00;600.00;2376.00;27.61;E0_1_4300m;5.00;198;198;11.95;27.73
300.00;600.00;1908.00;24.52;E0_0_4400m;5.00;159;159;10.81;24.69
300.00;600.00;2388.00;27.51;E0_1_4400m;5.00;199;200;12.09;27.64
300.00;600.00;1908.00;24.62;E0_0_4500m;5.00;159;159;10.76;24.78
300.00;600.00;2388.00;27.46;E0_1_4500m;5.00;199;199;12.08;27.58
300.00;600.00;1872.00;24.68;E0_0_4600m;5.00;156;156;10.54;24.83
300.00;600.00;2352.00;27.46;E0_1_4600m;5.00;196;196;11.89;27.58
300.00;600.00;1848.00;24.75;E0_0_4700m;5.00;154;155;10.39;24.88
300.00;600.00;2304.00;27.49;E0_1_4700m;5.00;192;192;11.64;27.60
300.00;600.00;1848.00;24.82;E0_0_4800m;5.00;154;154;10.34;24.96
300.00;600.00;2256.00;27.47;E0_1_4800m;5.00;188;188;11.41;27.59
300.00;600.00;1860.00;24.92;E0_0_4900m;5.00;155;154;10.33;25.05
300.00;600.00;2256.00;27.49;E0_1_4900m;5.00;188;188;11.40;27.61
300.00;600.00;1884.00;25.12;E0_0_5000m;5.00;157;157;10.42;25.23
300.00;600.00;2208.00;27.46;E0_1_5000m;5.00;184;183;11.11;27.60
600.00;900.00;0.00;-1.00;E0_0_0m;-1.00;0;0;0.00;-1.00
600.00;900.00;0.00;-1.00;E0_1_0m;-1.00;0;0;0.00;-1.00
600.00;900.00;1704.00;26.61;E0_0_100m;5.00;142;142;8.89;26.83
600.00;900.00;2160.00;28.39;E0_1_100m;5.00;180;180;10.57;28.54
600.00;900.00;1776.00;26.70;E0_0_200m;5.00;148;148;9.24;26.94
600.00;900.00;2064.00;28.94;E0_1_200m;5.00;172;174;9.97;29.20
600.00;900.00;1740.00;26.84;E0_0_300m;5.00;145;145;9.00;27.04
600.00;900.00;2064.00;28.93;E0_1_300m;5.00;172;172;9.91;29.21
600.00;900.00;1728.00;26.86;E0_0_400m;5.00;144;144;8.93;27.03
600.00;900.00;2076.00;28.90;E0_1_400m;5.00;173;173;9.98;29.16
600.00;900.00;1716.00;26.84;E0_0_500m;5.00;143;143;8.88;26.98
600.00;900.00;2076.00;28.74;E0_1_500m;5.00;173;173;10.03;28.94
600.00;900.00;1692.00;26.84;E0_0_600m;5.00;141;141;8.76;26.96
600.00;900.00;2076.00;28.58;E0_1_600m;5.00;173;173;10.09;28.73
600.00;900.00;1680.00;26.71;E0_0_700m;5.00;140;140;8.74;26.80
600.00;900.00;2064.00;28.54;E0_1_700m;5.00;172;172;10.04;28.66
600.00;900.00;1692.00;26.56;E0_0_800m;5.00;141;141;8.85;26.65
600.00;900.00;2112.00;28.41;E0_1_800m;5.00;176;176;10.33;28.52
600.00;900.00;1704.00;26.53;E0_0_900m;5.00;142;142;8.92;26.62
600.00;900.00;2148.00;28.32;E0_1_900m;5.00;179;178;10.52;28.44
600.00;900.00;1656.00;26.56;E0_0_1000m;5.00;138;138;8.66;26.65
600.00;900.00;2148.00;28.20;E0_1_1000m;5.00;179;179;10.58;28.33
600.00;900.00;1668.00;26.48;E0_0_1100m;5.00;139;139;8.75;26.56
600.00;900.00;2124.00;28.13;E0_1_1100m;5.00;177;178;10.54;28.26
600.00;900.00;1668.00;26.29;E0_0_1200m;5.00;139;139;8.81;26.37
600.00;900.00;2136.00;28.05;E0_1_1200m;5.00;178;178;10.58;28.17
600.00;900.00;1728.00;26.26;E0_0_1300m;5.00;144;144;9.14;26.34
600.00;900.00;2088.00;28.07;E0_1_1300m;5.00;174;174;10.33;28.21
600.00;900.00;1728.00;26.17;E0_0_1400m;5.00;144;144;9.17;26.24
600.00;900.00;2136.00;27.87;E0_1_1400m;5.00;178;177;10.64;28.00
600.00;900.00;1716.00;26.21;E0_0_1500m;5.00;143;144;9.14;26.26
600.00;900.00;2160.00;27.66;E0_1_1500m;5.00;180;179;10.79;27.78
600.00;900.00;1728.00;26.14;E0_0_1600m;5.00;144;144;9.18;26.21
600.00;900.00;2148.00;27.44;E0_1_1600m;5.00;179;179;10.87;27.56
600.00;900.00;1740.00;25.90;E0_0_1700m;5.00;145;145;9.33;25.98
600.00;900.00;2172.00;27.27;E0_1_1700m;5.00;181;181;11.06;27.38
600.00;900.00;1764.00;25.75;E0_0_1800m;5.00;147;147;9.51;25.84
600.00;900.00;2196.00;27.10;E0_1_1800m;5.00;183;183;11.25;27.21
600.00;900.00;1776.00;25.68;E0_0_1900m;5.00;148;148;9.60;25.77
600.00;900.00;2196.00;26.92;E0_1_1900m;5.00;183;183;11.33;27.03
600.00;900.00;1776.00;25.59;E0_0_2000m;5.00;148;148;9.64;25.68
600.00;900.00;2256.00;26.77;E0_1_2000m;5.00;188;187;11.69;26.88
600.00;900.00;1800.00;25.44;E0_0_2100m;5.00;150;150;9.83;25.55
600.00;900.00;2292.00;26.69;E0_1_2100m;5.00;191;191;11.93;26.81
600.00;900.00;1824.00;25.18;E0_0_2200m;5.00;152;152;10.06;25.31
600.00;900.00;2304.00;26.54;E0_1_2200m;5.00;192;192;12.06;26.67
600.00;900.00;1812.00;24.99;E0_0_2300m;5.00;151;151;10.07;25.12
600.00;900.00;2304.00;26.32;E0_1_2300m;5.00;192;192;12.16;26.45
600.00;900.00;1812.00;25.05;E0_0_2400m;5.00;151;151;10.05;25.18
600.00;900.00;2328.00;25.98;E0_1_2400m;5.00;194;194;12.45;26.09
600.00;900.00;1848.00;24.92;E0_0_2500m;5.00;154;153;10.25;25.02
600.00;900.00;2340.00;25.60;E0_1_2500m;5.00;195;194;12.66;25.71
600.00;900.00;1872.00;24.62;E0_0_2600m;5.00;156;156;10.56;24.72
600.00;900.00;2340.00;25.11;E0_1_2600m;5.00;195;194;12.91;25.19
600.00;900.00;1860.00;24.25;E0_0_2700m;5.00;155;155;10.65;24.37
600.00;900.00;2340.00;24.64;E0_1_2700m;5.00;195;195;13.19;24.72
600.00;900.00;1860.00;23.68;E0_0_2800m;5.00;155;156;10.97;23.80
600.00;900.00;2352.00;24.16;E0_1_2800m;5.00;196;196;13.52;24.24
600.00;900.00;1884.00;22.86;E0_0_2900m;5.00;157;157;11.45;22.95
600.00;900.00;2340.00;23.55;E0_1_2900m;5.00;195;195;13.80;23.62
600.00;900.00;1908.00;21.75;E0_0_3000m;5.00;159;158;12.14;21.81
600.00;900.00;2316.00;22.71;E0_1_3000m;5.00;193;193;14.16;22.74
600.00;900.00;1920.00;21.48;E0_0_3100m;5.00;160;159;12.40;21.53
600.00;900.00;2316.00;22.58;E0_1_3100m;5.00;193;193;14.25;22.61
600.00;900.00;1968.00;21.65;E0_0_3200m;5.00;164;164;12.62;21.70
600.00;900.00;2268.00;22.63;E0_1_3200m;5.00;189;188;13.92;22.69
600.00;900.00;1956.00;22.01;E0_0_3300m;5.00;163;163;12.34;22.02
600.00;900.00;2256.00;22.67;E0_1_3300m;5.00;188;188;13.82;22.75
600.00;900.00;1908.00;22.08;E0_0_3400m;5.00;159;160;12.00;22.10
600.00;900.00;2232.00;22.66;E0_1_3400m;5.00;186;186;13.68;22.73
600.00;900.00;1896.00;22.10;E0_0_3500m;5.00;158;158;11.91;22.12
600.00;900.00;2196.00;22.66;E0_1_3500m;5.00;183;183;13.46;22.74
600.00;900.00;1896.00;22.13;E0_0_3600m;5.00;158;158;11.90;22.15
600.00;900.00;2184.00;22.66;E0_1_3600m;5.00;182;182;13.39;22.74
600.00;900.00;1872.00;22.06;E0_0_3700m;5.00;156;157;11.82;22.09
600.00;900.00;2184.00;22.68;E0_1_3700m;5.00;182;183;13.40;22.76
600.00;900.00;1896.00;21.98;E0_0_3800m;5.00;158;158;11.98;22.03
600.00;900.00;2184.00;22.60;E0_1_3800m;5.00;182;181;13.37;22.72
600.00;900.00;1896.00;22.05;E0_0_3900m;5.00;158;158;11.94;22.09
600.00;900.00;2196.00;22.86;E0_1_3900m;5.00;183;183;13.34;22.98
600.00;900.00;1944.00;23.60;E0_0_4000m;5.00;162;162;11.44;23.69
600.00;900.00;2208.00;24.81;E0_1_4000m;5.00;184;184;12.36;24.98
600.00;900.00;1944.00;26.47;E0_0_4100m;5.00;162;162;10.20;26.61
600.00;900.00;2268.00;28.24;E0_1_4100m;5.00;189;189;11.15;28.34
600.00;900.00;1968.00;26.66;E0_0_4200m;5.00;164;164;10.25;26.86
600.00;900.00;2268.00;28.64;E0_1_4200m;5.00;189;189;11.03;28.76
600.00;900.00;1956.00;26.56;E0_0_4300m;5.00;163;163;10.23;26.76
600.00;900.00;2268.00;28.68;E0_1_4300m;5.00;189;189;10.98;28.80
600.00;900.00;1956.00;26.45;E0_0_4400m;5.00;163;163;10.27;26.64
600.00;900.00;2268.00;28.71;E0_1_4400m;5.00;189;188;10.94;28.83
600.00;900.00;1968.00;26.18;E0_0_4500m;5.00;164;164;10.44;26.37
600.00;900.00;2232.00;28.75;E0_1_4500m;5.00;186;186;10.78;28.87
600.00;900.00;1992.00;25.79;E0_0_4600m;5.00;166;166;10.73;25.99
600.00;900.00;2220.00;28.75;E0_1_4600m;5.00;185;185;10.73;28.86
600.00;900.00;2028.00;25.29;E0_0_4700m;5.00;169;168;11.11;25.50
600.00;900.00;2208.00;28.70;E0_1_4700m;5.00;184;185;10.74;28.80
600.00;900.00;2028.00;24.96;E0_0_4800m;5.00;169;170;11.29;25.17
600.00;900.00;2232.00;28.55;E0_1_4800m;5.00;186;186;10.86;28.67
600.00;900.00;2028.00;24.87;E0_0_4900m;5.00;169;169;11.33;25.09
600.00;900.00;2232.00;28.57;E0_1_4900m;5.00;186;186;10.85;28.67
600.00;900.00;2016.00;24.63;E0_0_5000m;5.00;168;168;11.37;24.85
600.00;900.00;2268.00;28.58;E0_1_5000m;5.00;189;189;11.02;28.68
900.00;1200.00;0.00;-1.00;E0_0_0m;-1.00;0;0;0.00;-1.00
900.00;1200.00;0.00;-1.00;E0_1_0m;-1.00;0;0;0.00;-1.00
900.00;1200.00;1596.00;26.30;E0_0_100m;5.00;133;133;8.43;26.47
900.00;1200.00;2112.00;27.22;E0_1_100m;5.00;176;176;10.78;27.35
900.00;1200.00;1716.00;26.58;E0_0_200m;5.00;143;143;8.97;26.73
900.00;1200.00;2028.00;27.83;E0_1_200m;5.00;169;168;10.07;28.03
900.00;1200.00;1728.00;26.56;E0_0_300m;5.00;144;144;9.03;26.72
900.00;1200.00;2064.00;28.06;E0_1_300m;5.00;172;173;10.23;28.27
900.00;1200.00;1704.00;26.35;E0_0_400m;5.00;142;142;8.98;26.52
900.00;1200.00;2112.00;28.14;E0_1_400m;5.00;176;176;10.43;28.37
900.00;1200.00;1680.00;26.12;E0_0_500m;5.00;140;141;8.98;26.31
900.00;1200.00;2148.00;27.93;E0_1_500m;5.00;179;179;10.68;28.20
900.00;1200.00;1704.00;25.77;E0_0_600m;5.00;142;142;9.18;25.98
900.00;1200.00;2136.00;27.43;E0_1_600m;5.00;178;178;10.81;27.71
900.00;1200.00;1704.00;25.41;E0_0_700m;5.00;142;142;9.32;25.62
900.00;1200.00;2136.00;26.91;E0_1_700m;5.00;178;178;11.03;27.21
900.00;1200.00;1668.00;25.23;E0_0_800m;5.00;139;139;9.18;25.47
900.00;1200.00;2136.00;26.54;E0_1_800m;5.00;178;178;11.18;26.85
900.00;1200.00;1656.00;25.10;E0_0_900m;5.00;138;138;9.16;25.35
900.00;1200.00;2136.00;26.31;E0_1_900m;5.00;178;178;11.27;26.65
900.00;1200.00;1692.00;24.94;E0_0_1000m;5.00;141;141;9.42;25.19
900.00;1200.00;2160.00;26.13;E0_1_1000m;5.00;180;180;11.48;26.48
900.00;1200.00;1728.00;24.86;E0_0_1100m;5.00;144;144;9.66;25.11
900.00;1200.00;2160.00;26.02;E0_1_1100m;5.00;180;180;11.52;26.39
900.00;1200.00;1740.00;24.79;E0_0_1200m;5.00;145;145;9.75;25.03
900.00;1200.00;2172.00;25.85;E0_1_1200m;5.00;181;181;11.67;26.19
900.00;1200.00;1764.00;24.65;E0_0_1300m;5.00;147;147;9.94;24.87
900.00;1200.00;2172.00;25.66;E0_1_1300m;5.00;181;181;11.76;25.99
900.00;1200.00;1776.00;24.63;E0_0_1400m;5.00;148;148;10.01;24.85
900.00;1200.00;2184.00;25.50;E0_1_1400m;5.00;182;182;11.89;25.82
900.00;1200.00;1788.00;24.48;E0_0_1500m;5.00;149;148;10.10;24.71
900.00;1200.00;2196.00;25.44;E0_1_1500m;5.00;183;183;11.99;25.75
900.00;1200.00;1788.00;24.15;E0_0_1600m;5.00;149;149;10.28;24.40
900.00;1200.00;2220.00;25.28;E0_1_1600m;5.00;185;185;12.20;25.62
900.00;1200.00;1800.00;24.04;E0_0_1700m;5.00;150;150;10.40;24.30
900.00;1200.00;2244.00;25.22;E0_1_1700m;5.00;187;187;12.36;25.59
900.00;1200.00;1788.00;24.00;E0_0_1800m;5.00;149;149;10.35;24.24
900.00;1200.00;2232.00;25.15;E0_1_1800m;5.00;186;186;12.33;25.55
900.00;1200.00;1776.00;24.04;E0_0_1900m;5.00;148;148;10.26;24.29
900.00;1200.00;2244.00;25.08;E0_1_1900m;5.00;187;187;12.42;25.50
900.00;1200.00;1800.00;24.03;E0_0_2000m;5.00;150;150;10.41;24.28
900.00;1200.00;2184.00;25.09;E0_1_2000m;5.00;182;182;12.09;25.56
900.00;1200.00;1800.00;24.02;E0_0_2100m;5.00;150;150;10.41;24.25
900.00;1200.00;2160.00;25.03;E0_1_2100m;5.00;180;180;11.98;25.50
900.00;1200.00;1800.00;23.94;E0_0_2200m;5.00;150;150;10.44;24.16
900.00;1200.00;2136.00;24.94;E0_1_2200m;5.00;178;179;11.92;25.41
900.00;1200.00;1836.00;23.85;E0_0_2300m;5.00;153;153;10.69;24.06
900.00;1200.00;2124.00;24.81;E0_1_2300m;5.00;177;177;11.89;25.29
900.00;1200.00;1800.00;23.59;E0_0_2400m;5.00;150;150;10.60;23.77
900.00;1200.00;2112.00;24.55;E0_1_2400m;5.00;176;176;11.95;25.01
900.00;1200.00;1776.00;23.48;E0_0_2500m;5.00;148;148;10.51;23.73
900.00;1200.00;2112.00;24.35;E0_1_2500m;5.00;176;177;12.10;24.79
900.00;1200.00;1740.00;23.28;E0_0_2600m;5.00;145;145;10.38;23.45
900.00;1200.00;2148.00;24.22;E0_1_2600m;5.00;179;179;12.32;24.62
900.00;1200.00;1764.00;23.20;E0_0_2700m;5.00;147;147;10.56;23.35
900.00;1200.00;2184.00;24.00;E0_1_2700m;5.00;182;182;12.64;24.34
900.00;1200.00;1776.00;22.93;E0_0_2800m;5.00;148;147;10.69;23.06
900.00;1200.00;2232.00;23.64;E0_1_2800m;5.00;186;186;13.11;23.88
900.00;1200.00;1788.00;22.56;E0_0_2900m;5.00;149;149;11.01;22.64
900.00;1200.00;2244.00;23.16;E0_1_2900m;5.00;187;187;13.46;23.30
900.00;1200.00;1800.00;21.68;E0_0_3000m;5.00;150;150;11.53;21.74
900.00;1200.00;2232.00;22.54;E0_1_3000m;5.00;186;187;13.76;22.59
900.00;1200.00;1812.00;21.57;E0_0_3100m;5.00;151;151;11.67;21.62
900.00;1200.00;2208.00;22.38;E0_1_3100m;5.00;184;184;13.70;22.42
900.00;1200.00;1836.00;21.91;E0_0_3200m;5.00;153;153;11.64;21.95
900.00;1200.00;2172.00;22.37;E0_1_3200m;5.00;181;181;13.48;22.40
900.00;1200.00;1836.00;21.97;E0_0_3300m;5.00;153;153;11.61;22.00
900.00;1200.00;2160.00;22.37;E0_1_3300m;5.00;180;180;13.41;22.39
900.00;1200.00;1872.00;21.90;E0_0_3400m;5.00;156;155;11.87;21.94
900.00;1200.00;2148.00;22.36;E0_1_3400m;5.00;179;179;13.34;22.37
900.00;1200.00;1836.00;21.87;E0_0_3500m;5.00;153;153;11.66;21.91
900.00;1200.00;2160.00;22.35;E0_1_3500m;5.00;180;180;13.42;22.37
900.00;1200.00;1836.00;21.96;E0_0_3600m;5.00;153;153;11.61;22.00
900.00;1200.00;2160.00;22.37;E0_1_3600m;5.00;180;180;13.41;22.40
900.00;1200.00;1860.00;22.05;E0_0_3700m;5.00;155;154;11.68;22.08
900.00;1200.00;2160.00;22.36;E0_1_3700m;5.00;180;179;13.39;22.38
900.00;1200.00;1860.00;22.07;E0_0_3800m;5.00;155;155;11.70;22.09
900.00;1200.00;2148.00;22.33;E0_1_3800m;5.00;179;179;13.36;22.34
900.00;1200.00;1836.00;22.02;E0_0_3900m;5.00;153;153;11.58;22.04
900.00;1200.00;2136.00;22.33;E0_1_3900m;5.00;178;178;13.28;22.35
900.00;1200.00;1848.00;22.49;E0_0_4000m;5.00;154;154;11.41;22.58
900.00;1200.00;2064.00;23.03;E0_1_4000m;5.00;172;172;12.45;23.13
900.00;1200.00;1776.00;23.57;E0_0_4100m;5.00;148;148;10.47;23.87
900.00;1200.00;2076.00;24.40;E0_1_4100m;5.00;173;173;11.81;24.77
900.00;1200.00;1764.00;23.75;E0_0_4200m;5.00;147;147;10.32;24.07
900.00;1200.00;2040.00;24.55;E0_1_4200m;5.00;170;170;11.54;25.00
900.00;1200.00;1740.00;23.87;E0_0_4300m;5.00;145;145;10.12;24.18
900.00;1200.00;2040.00;24.65;E0_1_4300m;5.00;170;170;11.49;25.14
900.00;1200.00;1740.00;24.00;E0_0_4400m;5.00;145;145;10.07;24.31
900.00;1200.00;2028.00;24.72;E0_1_4400m;5.00;169;169;11.39;25.22
900.00;1200.00;1728.00;24.08;E0_0_4500m;5.00;144;145;9.99;24.39
900.00;1200.00;2016.00;24.81;E0_1_4500m;5.00;168;168;11.28;25.31
900.00;1200.00;1728.00;24.18;E0_0_4600m;5.00;144;144;9.92;24.50
900.00;1200.00;2004.00;24.85;E0_1_4600m;5.00;167;167;11.20;25.33
900.00;1200.00;1728.00;24.30;E0_0_4700m;5.00;144;144;9.88;24.62
900.00;1200.00;1992.00;24.91;E0_1_4700m;5.00;166;165;11.05;25.38
900.00;1200.00;1692.00;24.35;E0_0_4800m;5.00;141;141;9.65;24.65
900.00;1200.00;2004.00;25.03;E0_1_4800m;5.00;167;167;11.12;25.48
900.00;1200.00;1680.00;24.39;E0_0_4900m;5.00;140;140;9.57;24.67
900.00;1200.00;2004.00;25.15;E0_1_4900m;5.00;167;167;11.07;25.61
900.00;1200.00;1716.00;24.56;E0_0_5000m;5.00;143;143;9.70;24.84
900.00;1200.00;1968.00;25.29;E0_1_5000m;5.00;164;164;10.81;25.75
1200.00;1500.00;0.00;-1.00;E0_0_0m;-1.00;0;0;0.00;-1.00
1200.00;1500.00;0.00;-1.00;E0_1_0m;-1.00;0;0;0.00;-1.00
1200.00;1500.00;1992.00;25.89;E0_0_100m;5.00;166;167;10.73;26.03
1200.00;1500.00;2148.00;26.96;E0_1_100m;5.00;179;179;11.06;27.15
1200.00;1500.00;1956.00;25.77;E0_0_200m;5.00;163;164;10.60;25.93
1200.00;1500.00;2148.00;27.05;E0_1_200m;5.00;179;179;11.03;27.29
1200.00;1500.00;1956.00;25.58;E0_0_300m;5.00;163;163;10.62;25.74
1200.00;1500.00;2100.00;26.73;E0_1_300m;5.00;175;175;10.91;26.95
1200.00;1500.00;1884.00;25.55;E0_0_400m;5.00;157;157;10.24;25.70
1200.00;1500.00;2148.00;26.55;E0_1_400m;5.00;179;180;11.26;26.76
1200.00;1500.00;1884.00;25.42;E0_0_500m;5.00;157;157;10.30;25.58
1200.00;1500.00;2160.00;26.44;E0_1_500m;5.00;180;180;11.35;26.64
1200.00;1500.00;1884.00;25.29;E0_0_600m;5.00;157;158;10.36;25.46
1200.00;1500.00;2172.00;26.25;E0_1_600m;5.00;181;181;11.49;26.45
1200.00;1500.00;1896.00;25.26;E0_0_700m;5.00;158;158;10.42;25.43
1200.00;1500.00;2160.00;26.24;E0_1_700m;5.00;180;180;11.43;26.42
1200.00;1500.00;1908.00;25.20;E0_0_800m;5.00;159;159;10.52;25.35
1200.00;1500.00;2136.00;26.15;E0_1_800m;5.00;178;178;11.35;26.33
1200.00;1500.00;1860.00;25.09;E0_0_900m;5.00;155;155;10.30;25.24
1200.00;1500.00;2148.00;26.12;E0_1_900m;5.00;179;179;11.42;26.31
1200.00;1500.00;1824.00;24.96;E0_0_1000m;5.00;152;153;10.18;25.12
1200.00;1500.00;2124.00;26.00;E0_1_1000m;5.00;177;177;11.34;26.22
1200.00;1500.00;1824.00;24.85;E0_0_1100m;5.00;152;152;10.19;25.00
1200.00;1500.00;2112.00;25.82;E0_1_1100m;5.00;176;176;11.36;26.03
1200.00;1500.00;1800.00;24.76;E0_0_1200m;5.00;150;150;10.10;24.90
1200.00;1500.00;2100.00;25.68;E0_1_1200m;5.00;175;175;11.36;25.89
1200.00;1500.00;1776.00;24.74;E0_0_1300m;5.00;148;148;9.97;24.88
1200.00;1500.00;2088.00;25.63;E0_1_1300m;5.00;174;174;11.32;25.86
1200.00;1500.00;1716.00;24.68;E0_0_1400m;5.00;143;143;9.66;24.82
1200.00;1500.00;2076.00;25.49;E0_1_1400m;5.00;173;173;11.31;25.72
1200.00;1500.00;1692.00;24.66;E0_0_1500m;5.00;141;141;9.53;24.80
1200.00;1500.00;2052.00;25.45;E0_1_1500m;5.00;171;171;11.20;25.69
1200.00;1500.00;1704.00;24.63;E0_0_1600m;5.00;142;142;9.61;24.75
1200.00;1500.00;2028.00;25.41;E0_1_1600m;5.00;169;170;11.11;25.65
1200.00;1500.00;1680.00;24.53;E0_0_1700m;5.00;140;140;9.51;24.65
1200.00;1500.00;1992.00;25.32;E0_1_1700m;5.00;166;166;10.93;25.54
1200.00;1500.00;1656.00;24.50;E0_0_1800m;5.00;138;138;9.39;24.63
1200.00;1500.00;1992.00;25.26;E0_1_1800m;5.00;166;166;10.95;25.46
1200.00;1500.00;1632.00;24.48;E0_0_1900m;5.00;136;136;9.26;24.61
1200.00;1500.00;2004.00;25.19;E0_1_1900m;5.00;167;167;11.05;25.38
1200.00;1500.00;1608.00;24.46;E0_0_2000m;5.00;134;134;9.13;24.58
1200.00;1500.00;2040.00;25.22;E0_1_2000m;5.00;170;170;11.23;25.41
1200.00;1500.00;1620.00;24.51;E0_0_2100m;5.00;135;135;9.18;24.64
1200.00;1500.00;2052.00;25.24;E0_1_2100m;5.00;171;171;11.29;25.45
1200.00;1500.00;1656.00;24.52;E0_0_2200m;5.00;138;138;9.38;24.65
1200.00;1500.00;2064.00;25.26;E0_1_2200m;5.00;172;171;11.33;25.48
1200.00;1500.00;1680.00;24.56;E0_0_2300m;5.00;140;140;9.50;24.70
1200.00;1500.00;2076.00;25.20;E0_1_2300m;5.00;173;173;11.44;25.40
1200.00;1500.00;1704.00;24.53;E0_0_2400m;5.00;142;143;9.65;24.67
1200.00;1500.00;2064.00;25.08;E0_1_2400m;5.00;172;172;11.43;25.28
1200.00;1500.00;1704.00;24.48;E0_0_2500m;5.00;142;142;9.67;24.63
1200.00;1500.00;2088.00;24.95;E0_1_2500m;5.00;174;174;11.62;25.14
1200.00;1500.00;1692.00;24.45;E0_0_2600m;5.00;141;142;9.64;24.61
1200.00;1500.00;2064.00;24.83;E0_1_2600m;5.00;172;173;11.55;25.03
1200.00;1500.00;1668.00;24.33;E0_0_2700m;5.00;139;139;9.52;24.50
1200.00;1500.00;2028.00;24.65;E0_1_2700m;5.00;169;169;11.43;24.85
1200.00;1500.00;1644.00;24.17;E0_0_2800m;5.00;137;138;9.51;24.36
1200.00;1500.00;1980.00;24.48;E0_1_2800m;5.00;165;165;11.24;24.70
1200.00;1500.00;1584.00;23.82;E0_0_2900m;5.00;132;133;9.26;23.97
1200.00;1500.00;2004.00;24.18;E0_1_2900m;5.00;167;167;11.51;24.38
1200.00;1500.00;1572.00;22.58;E0_0_3000m;5.00;131;131;9.67;22.66
1200.00;1500.00;2016.00;23.28;E0_1_3000m;5.00;168;167;12.02;23.41
1200.00;1500.00;1572.00;22.09;E0_0_3100m;5.00;131;131;9.88;22.21
1200.00;1500.00;2028.00;22.98;E0_1_3100m;5.00;169;170;12.33;23.09
1200.00;1500.00;1596.00;22.14;E0_0_3200m;5.00;133;133;10.01;22.17
1200.00;1500.00;2004.00;23.01;E0_1_3200m;5.00;167;167;12.10;23.10
1200.00;1500.00;1620.00;22.30;E0_0_3300m;5.00;135;135;10.09;22.32
1200.00;1500.00;1992.00;23.01;E0_1_3300m;5.00;166;166;12.02;23.10
1200.00;1500.00;1596.00;22.37;E0_0_3400m;5.00;133;133;9.91;22.38
1200.00;1500.00;1968.00;23.00;E0_1_3400m;5.00;164;164;11.89;23.10
1200.00;1500.00;1608.00;22.40;E0_0_3500m;5.00;134;134;9.97;22.41
1200.00;1500.00;1968.00;22.88;E0_1_3500m;5.00;164;164;11.94;22.99
1200.00;1500.00;1656.00;22.40;E0_0_3600m;5.00;138;138;10.27;22.40
1200.00;1500.00;1956.00;22.81;E0_1_3600m;5.00;163;163;11.91;22.92
1200.00;1500.00;1656.00;22.36;E0_0_3700m;5.00;138;139;10.33;22.37
1200.00;1500.00;1968.00;22.76;E0_1_3700m;5.00;164;164;12.01;22.86
1200.00;1500.00;1656.00;22.33;E0_0_3800m;5.00;138;138;10.30;22.35
1200.00;1500.00;1968.00;22.83;E0_1_3800m;5.00;164;164;11.97;22.94
1200.00;1500.00;1692.00;22.40;E0_0_3900m;5.00;141;141;10.49;22.42
1200.00;1500.00;1992.00;23.12;E0_1_3900m;5.00;166;166;11.97;23.25
1200.00;1500.00;1740.00;23.30;E0_0_4000m;5.00;145;145;10.37;23.39
1200.00;1500.00;1956.00;24.50;E0_1_4000m;5.00;163;164;11.10;24.69
1200.00;1500.00;1740.00;25.34;E0_0_4100m;5.00;145;145;9.54;25.48
1200.00;1500.00;1956.00;26.72;E0_1_4100m;5.00;163;163;10.17;26.98
1200.00;1500.00;1752.00;25.42;E0_0_4200m;5.00;146;146;9.57;25.62
1200.00;1500.00;1944.00;26.89;E0_1_4200m;5.00;162;162;10.04;27.22
1200.00;1500.00;1764.00;25.36;E0_0_4300m;5.00;147;147;9.66;25.57
1200.00;1500.00;1944.00;26.90;E0_1_4300m;5.00;162;163;10.06;27.26
1200.00;1500.00;1752.00;25.42;E0_0_4400m;5.00;146;147;9.63;25.61
1200.00;1500.00;1956.00;26.76;E0_1_4400m;5.00;163;163;10.15;27.10
1200.00;1500.00;1788.00;25.57;E0_0_4500m;5.00;149;148;9.69;25.76
1200.00;1500.00;1944.00;26.65;E0_1_4500m;5.00;162;162;10.13;27.00
1200.00;1500.00;1788.00;25.60;E0_0_4600m;5.00;149;149;9.70;25.77
1200.00;1500.00;1944.00;26.66;E0_1_4600m;5.00;162;162;10.13;26.99
1200.00;1500.00;1788.00;25.61;E0_0_4700m;5.00;149;149;9.70;25.76
1200.00;1500.00;1956.00;26.60;E0_1_4700m;5.00;163;164;10.23;26.88
1200.00;1500.00;1788.00;25.66;E0_0_4800m;5.00;149;149;9.68;25.79
1200.00;1500.00;1968.00;26.63;E0_1_4800m;5.00;164;164;10.26;26.88
1200.00;1500.00;1776.00;25.64;E0_0_4900m;5.00;148;148;9.62;25.76
1200.00;1500.00;1992.00;26.73;E0_1_4900m;5.00;166;166;10.35;26.94
1200.00;1500.00;1740.00;25.54;E0_0_5000m;5.00;145;145;9.46;25.64
1200.00;1500.00;2028.00;26.89;E0_1_5000m;5.00;169;169;10.48;27.08
1500.00;1800.00;0.00;-1.00;E0_0_0m;-1.00;0;0;0.00;-1.00
1500.00;1800.00;0.00;-1.00;E0_1_0m;-1.00;0;0;0.00;-1.00
1500.00;1800.00;1872.00;25.86;E0_0_100m;5.00;156;155;10.01;26.01
1500.00;1800.00;2244.00;27.18;E0_1_100m;5.00;187;187;11.47;27.31
1500.00;1800.00;1896.00;25.85;E0_0_200m;5.00;158;158;10.16;26.03
1500.00;1800.00;2232.00;27.48;E0_1_200m;5.00;186;187;11.28;27.65
1500.00;1800.00;1896.00;25.72;E0_0_300m;5.00;158;158;10.24;25.87
1500.00;1800.00;2232.00;27.32;E0_1_300m;5.00;186;187;11.36;27.49
1500.00;1800.00;1872.00;25.45;E0_0_400m;5.00;156;156;10.22;25.58
1500.00;1800.00;2280.00;27.15;E0_1_400m;5.00;190;189;11.64;27.32
1500.00;1800.00;1884.00;25.33;E0_0_500m;5.00;157;157;10.33;25.46
1500.00;1800.00;2268.00;26.91;E0_1_500m;5.00;189;189;11.70;27.07
1500.00;1800.00;1872.00;25.26;E0_0_600m;5.00;156;156;10.29;25.39
1500.00;1800.00;2268.00;26.73;E0_1_600m;5.00;189;189;11.78;26.89
1500.00;1800.00;1848.00;25.22;E0_0_700m;5.00;154;154;10.18;25.35
1500.00;1800.00;2280.00;26.60;E0_1_700m;5.00;190;190;11.91;26.75
1500.00;1800.00;1812.00;25.10;E0_0_800m;5.00;151;151;10.02;25.23
1500.00;1800.00;2292.00;26.59;E0_1_800m;5.00;191;191;11.97;26.73
1500.00;1800.00;1788.00;25.11;E0_0_900m;5.00;149;149;9.89;25.23
1500.00;1800.00;2292.00;26.71;E0_1_900m;5.00;191;191;11.92;26.85
1500.00;1800.00;1836.00;25.01;E0_0_1000m;5.00;153;152;10.16;25.14
1500.00;1800.00;2268.00;26.76;E0_1_1000m;5.00;189;190;11.79;26.91
1500.00;1800.00;1824.00;25.04;E0_0_1100m;5.00;152;152;10.12;25.16
1500.00;1800.00;2328.00;26.66;E0_1_1100m;5.00;194;194;12.13;26.84
1500.00;1800.00;1836.00;24.93;E0_0_1200m;5.00;153;153;10.23;25.04
1500.00;1800.00;2328.00;26.48;E0_1_1200m;5.00;194;194;12.21;26.67
1500.00;1800.00;1824.00;24.80;E0_0_1300m;5.00;152;153;10.22;24.91
1500.00;1800.00;2352.00;26.22;E0_1_1300m;5.00;196;196;12.46;26.45
1500.00;1800.00;1812.00;24.71;E0_0_1400m;5.00;151;151;10.19;24.82
1500.00;1800.00;2376.00;26.07;E0_1_1400m;5.00;198;198;12.66;26.27
1500.00;1800.00;1800.00;24.68;E0_0_1500m;5.00;150;150;10.13;24.77
1500.00;1800.00;2400.00;25.86;E0_1_1500m;5.00;200;200;12.89;26.05
1500.00;1800.00;1800.00;24.68;E0_0_1600m;5.00;150;150;10.13;24.77
1500.00;1800.00;2412.00;25.69;E0_1_1600m;5.00;201;201;13.04;25.85
1500.00;1800.00;1824.00;24.71;E0_0_1700m;5.00;152;152;10.25;24.80
1500.00;1800.00;2412.00;25.58;E0_1_1700m;5.00;201;202;13.13;25.69
1500.00;1800.00;1860.00;24.73;E0_0_1800m;5.00;155;155;10.45;24.82
1500.00;1800.00;2436.00;25.55;E0_1_1800m;5.00;203;203;13.24;25.66
1500.00;1800.00;1896.00;24.62;E0_0_1900m;5.00;158;158;10.70;24.72
1500.00;1800.00;2448.00;25.44;E0_1_1900m;5.00;204;204;13.36;25.53
1500.00;1800.00;1872.00;24.57;E0_0_2000m;5.00;156;156;10.58;24.66
1500.00;1800.00;2436.00;25.32;E0_1_2000m;5.00;203;203;13.36;25.38
1500.00;1800.00;1872.00;24.56;E0_0_2100m;5.00;156;156;10.59;24.63
1500.00;1800.00;2412.00;25.29;E0_1_2100m;5.00;201;201;13.25;25.34
1500.00;1800.00;1884.00;24.56;E0_0_2200m;5.00;157;157;10.66;24.63
1500.00;1800.00;2352.00;25.35;E0_1_2200m;5.00;196;196;12.89;25.41
1500.00;1800.00;1872.00;24.45;E0_0_2300m;5.00;156;156;10.64;24.53
1500.00;1800.00;2316.00;25.30;E0_1_2300m;5.00;193;193;12.71;25.37
1500.00;1800.00;1884.00;24.26;E0_0_2400m;5.00;157;156;10.78;24.33
1500.00;1800.00;2292.00;25.16;E0_1_2400m;5.00;191;191;12.65;25.22
1500.00;1800.00;1860.00;24.08;E0_0_2500m;5.00;155;155;10.73;24.13
1500.00;1800.00;2292.00;24.92;E0_1_2500m;5.00;191;191;12.77;24.97
1500.00;1800.00;1872.00;23.63;E0_0_2600m;5.00;156;155;10.97;23.67
1500.00;1800.00;2292.00;24.56;E0_1_2600m;5.00;191;190;12.96;24.59
1500.00;1800.00;1872.00;23.21;E0_0_2700m;5.00;156;156;11.20;23.26
1500.00;1800.00;2304.00;24.26;E0_1_2700m;5.00;192;192;13.19;24.29
1500.00;1800.00;1908.00;22.89;E0_0_2800m;5.00;159;158;11.51;22.93
1500.00;1800.00;2280.00;23.85;E0_1_2800m;5.00;190;190;13.28;23.89
1500.00;1800.00;1908.00;22.67;E0_0_2900m;5.00;159;158;11.66;22.69
1500.00;1800.00;2280.00;23.24;E0_1_2900m;5.00;190;190;13.63;23.26
1500.00;1800.00;1896.00;22.19;E0_0_3000m;5.00;158;158;11.87;22.20
1500.00;1800.00;2292.00;22.60;E0_1_3000m;5.00;191;191;14.09;22.61
1500.00;1800.00;1896.00;22.07;E0_0_3100m;5.00;158;158;11.93;22.09
1500.00;1800.00;2280.00;22.50;E0_1_3100m;5.00;190;190;14.08;22.50
1500.00;1800.00;1932.00;22.20;E0_0_3200m;5.00;161;161;12.09;22.21
1500.00;1800.00;2244.00;22.47;E0_1_3200m;5.00;187;187;13.87;22.48
1500.00;1800.00;1956.00;22.30;E0_0_3300m;5.00;163;163;12.18;22.31
1500.00;1800.00;2208.00;22.57;E0_1_3300m;5.00;184;184;13.59;22.62
1500.00;1800.00;1992.00;22.27;E0_0_3400m;5.00;166;166;12.42;22.29
1500.00;1800.00;2196.00;22.58;E0_1_3400m;5.00;183;183;13.51;22.64
1500.00;1800.00;1968.00;22.32;E0_0_3500m;5.00;164;164;12.25;22.33
1500.00;1800.00;2208.00;22.62;E0_1_3500m;5.00;184;184;13.56;22.68
1500.00;1800.00;1968.00;22.33;E0_0_3600m;5.00;164;164;12.24;22.34
1500.00;1800.00;2184.00;22.59;E0_1_3600m;5.00;182;182;13.43;22.65
1500.00;1800.00;1944.00;22.33;E0_0_3700m;5.00;162;162;12.06;22.33
1500.00;1800.00;2196.00;22.51;E0_1_3700m;5.00;183;183;13.55;22.57
1500.00;1800.00;1956.00;22.29;E0_0_3800m;5.00;163;163;12.19;22.31
1500.00;1800.00;2220.00;22.53;E0_1_3800m;5.00;185;185;13.69;22.59
1500.00;1800.00;1956.00;22.37;E0_0_3900m;5.00;163;163;12.14;22.38
1500.00;1800.00;2220.00;22.63;E0_1_3900m;5.00;185;186;13.66;22.67
1500.00;1800.00;1968.00;23.53;E0_0_4000m;5.00;164;164;11.62;23.59
1500.00;1800.00;2244.00;24.12;E0_1_4000m;5.00;187;187;12.92;24.23
1500.00;1800.00;1932.00;25.30;E0_0_4100m;5.00;161;161;10.61;25.42
1500.00;1800.00;2280.00;26.44;E0_1_4100m;5.00;190;190;11.98;26.61
1500.00;1800.00;1944.00;25.19;E0_0_4200m;5.00;162;162;10.72;25.32
1500.00;1800.00;2304.00;26.46;E0_1_4200m;5.00;192;192;12.09;26.65
1500.00;1800.00;1944.00;25.06;E0_0_4300m;5.00;162;162;10.78;25.17
1500.00;1800.00;2316.00;26.20;E0_1_4300m;5.00;193;192;12.26;26.35
1500.00;1800.00;1968.00;24.93;E0_0_4400m;5.00;164;163;10.91;25.03
1500.00;1800.00;2292.00;26.10;E0_1_4400m;5.00;191;191;12.20;26.26
1500.00;1800.00;1992.00;24.78;E0_0_4500m;5.00;166;166;11.16;24.87
1500.00;1800.00;2280.00;25.99;E0_1_4500m;5.00;190;191;12.21;26.15
1500.00;1800.00;1968.00;24.72;E0_0_4600m;5.00;164;164;11.06;24.80
1500.00;1800.00;2304.00;25.86;E0_1_4600m;5.00;192;193;12.39;26.02
1500.00;1800.00;1980.00;24.72;E0_0_4700m;5.00;165;165;11.12;24.80
1500.00;1800.00;2304.00;25.79;E0_1_4700m;5.00;192;191;12.39;25.93
1500.00;1800.00;1968.00;24.64;E0_0_4800m;5.00;164;164;11.09;24.71
1500.00;1800.00;2304.00;25.71;E0_1_4800m;5.00;192;192;12.45;25.84
1500.00;1800.00;1980.00;24.41;E0_0_4900m;5.00;165;165;11.27;24.47
1500.00;1800.00;2304.00;25.64;E0_1_4900m;5.00;192;192;12.48;25.75
1500.00;1800.00;1992.00;24.23;E0_0_5000m;5.00;166;166;11.42;24.28
1500.00;1800.00;2316.00;25.58;E0_1_5000m;5.00;193;193;12.57;25.70
1800.00;2100.00;0.00;-1.00;E0_0_0m;-1.00;0;0;0.00;-1.00
1800.00;2100.00;0.00;-1.00;E0_1_0m;-1.00;0;0;0.00;-1.00
1800.00;2100.00;1704.00;25.29;E0_0_100m;5.00;142;142;9.36;25.40
1800.00;2100.00;2304.00;26.06;E0_1_100m;5.00;192;192;12.28;26.18
1800.00;2100.00;1776.00;25.37;E0_0_200m;5.00;148;147;9.69;25.48
1800.00;2100.00;2256.00;26.35;E0_1_200m;5.00;188;188;11.89;26.53
1800.00;2100.00;1764.00;25.42;E0_0_300m;5.00;147;148;9.64;25.54
1800.00;2100.00;2292.00;26.40;E0_1_300m;5.00;191;190;12.05;26.62
1800.00;2100.00;1704.00;25.56;E0_0_400m;5.00;142;142;9.26;25.70
1800.00;2100.00;2328.00;26.68;E0_1_400m;5.00;194;194;12.12;26.88
1800.00;2100.00;1740.00;25.75;E0_0_500m;5.00;145;145;9.39;25.89
1800.00;2100.00;2268.00;26.92;E0_1_500m;5.00;189;189;11.70;27.11
1800.00;2100.00;1740.00;25.85;E0_0_600m;5.00;145;145;9.35;25.97
1800.00;2100.00;2256.00;26.88;E0_1_600m;5.00;188;188;11.66;27.04
1800.00;2100.00;1776.00;25.59;E0_0_700m;5.00;148;148;9.64;25.71
1800.00;2100.00;2256.00;26.68;E0_1_700m;5.00;188;188;11.74;26.85
1800.00;2100.00;1788.00;25.42;E0_0_800m;5.00;149;149;9.77;25.55
1800.00;2100.00;2268.00;26.39;E0_1_800m;5.00;189;189;11.94;26.61
1800.00;2100.00;1812.00;25.27;E0_0_900m;5.00;151;153;10.04;25.42
1800.00;2100.00;2256.00;26.14;E0_1_900m;5.00;188;189;12.02;26.40
1800.00;2100.00;1800.00;25.06;E0_0_1000m;5.00;150;151;10.04;25.23
1800.00;2100.00;2256.00;25.99;E0_1_1000m;5.00;188;188;12.06;26.32
1800.00;2100.00;1824.00;24.99;E0_0_1100m;5.00;152;152;10.14;25.16
1800.00;2100.00;2220.00;25.76;E0_1_1100m;5.00;185;186;12.00;26.04
1800.00;2100.00;1812.00;24.85;E0_0_1200m;5.00;151;151;10.13;25.00
1800.00;2100.00;2256.00;25.63;E0_1_1200m;5.00;188;188;12.22;25.89
1800.00;2100.00;1812.00;24.62;E0_0_1300m;5.00;151;151;10.22;24.73
1800.00;2100.00;2256.00;25.36;E0_1_1300m;5.00;188;188;12.35;25.57
1800.00;2100.00;1836.00;24.46;E0_0_1400m;5.00;153;153;10.43;24.57
1800.00;2100.00;2268.00;25.22;E0_1_1400m;5.00;189;189;12.49;25.42
1800.00;2100.00;1872.00;24.39;E0_0_1500m;5.00;156;156;10.66;24.48
1800.00;2100.00;2256.00;25.16;E0_1_1500m;5.00;188;188;12.46;25.37
1800.00;2100.00;1848.00;24.31;E0_0_1600m;5.00;154;154;10.56;24.38
1800.00;2100.00;2256.00;25.11;E0_1_1600m;5.00;188;188;12.48;25.35
1800.00;2100.00;1836.00;24.22;E0_0_1700m;5.00;153;153;10.53;24.31
1800.00;2100.00;2256.00;25.07;E0_1_1700m;5.00;188;187;12.47;25.34
1800.00;2100.00;1824.00;24.16;E0_0_1800m;5.00;152;153;10.50;24.25
1800.00;2100.00;2208.00;24.95;E0_1_1800m;5.00;184;184;12.29;25.24
1800.00;2100.00;1812.00;24.10;E0_0_1900m;5.00;151;152;10.47;24.18
1800.00;2100.00;2196.00;24.87;E0_1_1900m;5.00;183;183;12.27;25.17
1800.00;2100.00;1812.00;24.07;E0_0_2000m;5.00;151;151;10.45;24.16
1800.00;2100.00;2196.00;24.83;E0_1_2000m;5.00;183;183;12.28;25.12
1800.00;2100.00;1812.00;24.00;E0_0_2100m;5.00;151;152;10.49;24.09
1800.00;2100.00;2160.00;24.75;E0_1_2100m;5.00;180;181;12.15;25.05
1800.00;2100.00;1788.00;23.93;E0_0_2200m;5.00;149;149;10.38;24.02
1800.00;2100.00;2172.00;24.66;E0_1_2200m;5.00;181;181;12.23;24.96
1800.00;2100.00;1788.00;23.80;E0_0_2300m;5.00;149;149;10.44;23.88
1800.00;2100.00;2184.00;24.49;E0_1_2300m;5.00;182;182;12.39;24.75
1800.00;2100.00;1788.00;23.66;E0_0_2400m;5.00;149;149;10.50;23.73
1800.00;2100.00;2184.00;24.28;E0_1_2400m;5.00;182;182;12.49;24.51
1800.00;2100.00;1788.00;23.49;E0_0_2500m;5.00;149;149;10.57;23.56
1800.00;2100.00;2172.00;24.01;E0_1_2500m;5.00;181;181;12.57;24.20
1800.00;2100.00;1776.00;23.33;E0_0_2600m;5.00;148;148;10.57;23.39
1800.00;2100.00;2172.00;23.74;E0_1_2600m;5.00;181;181;12.70;23.90
1800.00;2100.00;1752.00;23.18;E0_0_2700m;5.00;146;146;10.50;23.23
1800.00;2100.00;2184.00;23.49;E0_1_2700m;5.00;182;182;12.91;23.61
1800.00;2100.00;1740.00;22.95;E0_0_2800m;5.00;145;146;10.55;22.99
1800.00;2100.00;2244.00;23.30;E0_1_2800m;5.00;187;187;13.38;23.40
1800.00;2100.00;1752.00;22.66;E0_0_2900m;5.00;146;146;10.74;22.69
1800.00;2100.00;2244.00;23.06;E0_1_2900m;5.00;187;187;13.52;23.14
1800.00;2100.00;1752.00;21.93;E0_0_3000m;5.00;146;146;11.10;21.96
1800.00;2100.00;2244.00;22.48;E0_1_3000m;5.00;187;187;13.87;22.49
1800.00;2100.00;1788.00;21.79;E0_0_3100m;5.00;149;150;11.45;21.83
1800.00;2100.00;2196.00;22.41;E0_1_3100m;5.00;183;183;13.61;22.43
1800.00;2100.00;1848.00;22.12;E0_0_3200m;5.00;154;154;11.60;22.21
1800.00;2100.00;2136.00;22.46;E0_1_3200m;5.00;178;180;13.35;22.49
1800.00;2100.00;1836.00;22.20;E0_0_3300m;5.00;153;153;11.49;22.21
1800.00;2100.00;2148.00;22.45;E0_1_3300m;5.00;179;180;13.36;22.48
1800.00;2100.00;1836.00;22.21;E0_0_3400m;5.00;153;153;11.48;22.22
1800.00;2100.00;2148.00;22.44;E0_1_3400m;5.00;179;179;13.29;22.46
1800.00;2100.00;1872.00;22.19;E0_0_3500m;5.00;156;156;11.71;22.21
1800.00;2100.00;2136.00;22.42;E0_1_3500m;5.00;178;178;13.23;22.44
1800.00;2100.00;1860.00;22.27;E0_0_3600m;5.00;155;155;11.60;22.28
1800.00;2100.00;2136.00;22.41;E0_1_3600m;5.00;178;178;13.24;22.41
1800.00;2100.00;1848.00;22.19;E0_0_3700m;5.00;154;155;11.63;22.20
1800.00;2100.00;2160.00;22.47;E0_1_3700m;5.00;180;180;13.35;22.56
1800.00;2100.00;1860.00;22.16;E0_0_3800m;5.00;155;155;11.66;22.18
1800.00;2100.00;2100.00;22.43;E0_1_3800m;5.00;175;175;13.00;22.44
1800.00;2100.00;1812.00;22.24;E0_0_3900m;5.00;151;151;11.32;22.24
1800.00;2100.00;2100.00;22.72;E0_1_3900m;5.00;175;174;12.81;22.81
1800.00;2100.00;1824.00;22.86;E0_0_4000m;5.00;152;152;11.08;22.91
1800.00;2100.00;2052.00;23.69;E0_1_4000m;5.00;171;171;12.03;23.88
1800.00;2100.00;1812.00;24.19;E0_0_4100m;5.00;151;151;10.40;24.41
1800.00;2100.00;2052.00;25.03;E0_1_4100m;5.00;171;171;11.39;25.36
1800.00;2100.00;1788.00;24.11;E0_0_4200m;5.00;149;149;10.30;24.36
1800.00;2100.00;2052.00;25.14;E0_1_4200m;5.00;171;171;11.34;25.53
1800.00;2100.00;1776.00;24.21;E0_0_4300m;5.00;148;148;10.19;24.45
1800.00;2100.00;2040.00;25.16;E0_1_4300m;5.00;170;170;11.26;25.57
1800.00;2100.00;1764.00;24.23;E0_0_4400m;5.00;147;147;10.11;24.46
1800.00;2100.00;2040.00;25.18;E0_1_4400m;5.00;170;170;11.25;25.61
1800.00;2100.00;1740.00;24.16;E0_0_4500m;5.00;145;145;10.00;24.37
1800.00;2100.00;2040.00;25.21;E0_1_4500m;5.00;170;170;11.24;25.64
1800.00;2100.00;1740.00;24.20;E0_0_4600m;5.00;145;145;9.99;24.40
1800.00;2100.00;2052.00;25.28;E0_1_4600m;5.00;171;170;11.26;25.70
1800.00;2100.00;1776.00;24.19;E0_0_4700m;5.00;148;148;10.20;24.38
1800.00;2100.00;2064.00;25.32;E0_1_4700m;5.00;172;172;11.32;25.75
1800.00;2100.00;1812.00;24.27;E0_0_4800m;5.00;151;151;10.37;24.45
1800.00;2100.00;2100.00;25.40;E0_1_4800m;5.00;175;175;11.48;25.82
1800.00;2100.00;1836.00;24.31;E0_0_4900m;5.00;153;153;10.49;24.47
1800.00;2100.00;2124.00;25.44;E0_1_4900m;5.00;177;177;11.60;25.83
1800.00;2100.00;1872.00;24.48;E0_0_5000m;5.00;156;156;10.62;24.64
1800.00;2100.00;2124.00;25.52;E0_1_5000m;5.00;177;177;11.56;25.90
2100.00;2400.00;0.00;-1.00;E0_0_0m;-1.00;0;0;0.00;-1.00
2100.00;2400.00;0.00;-1.00;E0_1_0m;-1.00;0;0;0.00;-1.00
2100.00;2400.00;1764.00;25.76;E0_0_100m;5.00;147;148;9.53;25.89
2100.00;2400.00;2292.00;27.12;E0_1_100m;5.00;191;192;11.80;27.31
2100.00;2400.00;1812.00;25.87;E0_0_200m;5.00;151;151;9.73;25.99
2100.00;2400.00;2244.00;27.40;E0_1_200m;5.00;187;188;11.42;27.64
2100.00;2400.00;1860.00;26.00;E0_0_300m;5.00;155;155;9.94;26.10
2100.00;2400.00;2196.00;27.47;E0_1_300m;5.00;183;183;11.10;27.69
2100.00;2400.00;1824.00;26.05;E0_0_400m;5.00;152;152;9.72;26.16
2100.00;2400.00;2232.00;27.47;E0_1_400m;5.00;186;187;11.30;27.66
2100.00;2400.00;1848.00;25.73;E0_0_500m;5.00;154;154;9.98;25.87
2100.00;2400.00;2232.00;27.45;E0_1_500m;5.00;186;186;11.29;27.63
2100.00;2400.00;1884.00;25.35;E0_0_600m;5.00;157;157;10.32;25.57
2100.00;2400.00;2220.00;27.37;E0_1_600m;5.00;185;185;11.27;27.54
2100.00;2400.00;1860.00;25.32;E0_0_700m;5.00;155;156;10.25;25.52
2100.00;2400.00;2208.00;27.32;E0_1_700m;5.00;184;184;11.22;27.49
2100.00;2400.00;1872.00;25.29;E0_0_800m;5.00;156;156;10.28;25.48
2100.00;2400.00;2208.00;27.27;E0_1_800m;5.00;184;184;11.25;27.43
2100.00;2400.00;1848.00;25.31;E0_0_900m;5.00;154;154;10.15;25.50
2100.00;2400.00;2232.00;27.23;E0_1_900m;5.00;186;187;11.41;27.41
2100.00;2400.00;1848.00;25.23;E0_0_1000m;5.00;154;154;10.17;25.42
2100.00;2400.00;2220.00;27.12;E0_1_1000m;5.00;185;186;11.44;27.28
2100.00;2400.00;1800.00;25.00;E0_0_1100m;5.00;150;150;10.00;25.18
2100.00;2400.00;2220.00;27.13;E0_1_1100m;5.00;185;186;11.39;27.29
2100.00;2400.00;1788.00;24.98;E0_0_1200m;5.00;149;149;9.94;25.17
2100.00;2400.00;2208.00;27.10;E0_1_1200m;5.00;184;184;11.32;27.25
2100.00;2400.00;1824.00;24.98;E0_0_1300m;5.00;152;152;10.14;25.16
2100.00;2400.00;2220.00;27.11;E0_1_1300m;5.00;185;185;11.37;27.27
2100.00;2400.00;1836.00;24.89;E0_0_1400m;5.00;153;153;10.24;25.07
2100.00;2400.00;2232.00;27.08;E0_1_1400m;5.00;186;186;11.45;27.23
2100.00;2400.00;1788.00;24.84;E0_0_1500m;5.00;149;149;10.00;25.03
2100.00;2400.00;2268.00;27.05;E0_1_1500m;5.00;189;189;11.65;27.20
2100.00;2400.00;1800.00;24.80;E0_0_1600m;5.00;150;150;10.08;25.00
2100.00;2400.00;2244.00;26.99;E0_1_1600m;5.00;187;187;11.55;27.14
2100.00;2400.00;1788.00;24.75;E0_0_1700m;5.00;149;149;10.03;24.94
2100.00;2400.00;2232.00;26.90;E0_1_1700m;5.00;186;186;11.52;27.05
2100.00;2400.00;1776.00;24.65;E0_0_1800m;5.00;148;148;10.03;24.82
2100.00;2400.00;2244.00;26.86;E0_1_1800m;5.00;187;187;11.60;27.01
2100.00;2400.00;1800.00;24.63;E0_0_1900m;5.00;150;150;10.15;24.80
2100.00;2400.00;2208.00;26.81;E0_1_1900m;5.00;184;184;11.44;26.97
2100.00;2400.00;1788.00;24.57;E0_0_2000m;5.00;149;149;10.11;24.74
2100.00;2400.00;2220.00;26.73;E0_1_2000m;5.00;185;185;11.54;26.88
2100.00;2400.00;1764.00;24.62;E0_0_2100m;5.00;147;147;10.01;24.80
2100.00;2400.00;2220.00;26.73;E0_1_2100m;5.00;185;185;11.54;26.88
2100.00;2400.00;1788.00;24.58;E0_0_2200m;5.00;149;149;10.10;24.77
2100.00;2400.00;2196.00;26.78;E0_1_2200m;5.00;183;183;11.39;26.94
2100.00;2400.00;1764.00;24.39;E0_0_2300m;5.00;147;147;10.04;24.57
2100.00;2400.00;2184.00;26.84;E0_1_2300m;5.00;182;182;11.30;26.99
2100.00;2400.00;1788.00;24.28;E0_0_2400m;5.00;149;149;10.23;24.45
2100.00;2400.00;2160.00;26.92;E0_1_2400m;5.00;180;180;11.14;27.10
2100.00;2400.00;1788.00;24.23;E0_0_2500m;5.00;149;149;10.25;24.42
2100.00;2400.00;2160.00;26.86;E0_1_2500m;5.00;180;180;11.17;27.06
2100.00;2400.00;1776.00;24.12;E0_0_2600m;5.00;148;148;10.23;24.32
2100.00;2400.00;2172.00;26.67;E0_1_2600m;5.00;181;181;11.31;26.87
2100.00;2400.00;1800.00;24.04;E0_0_2700m;5.00;150;150;10.40;24.23
2100.00;2400.00;2148.00;26.34;E0_1_2700m;5.00;179;179;11.33;26.54
2100.00;2400.00;1764.00;23.78;E0_0_2800m;5.00;147;146;10.29;23.98
2100.00;2400.00;2124.00;25.73;E0_1_2800m;5.00;177;177;11.46;25.91
2100.00;2400.00;1776.00;22.96;E0_0_2900m;5.00;148;148;10.74;23.14
2100.00;2400.00;2160.00;24.51;E0_1_2900m;5.00;180;180;12.24;24.65
2100.00;2400.00;1788.00;21.70;E0_0_3000m;5.00;149;149;11.44;21.80
2100.00;2400.00;2208.00;22.81;E0_1_3000m;5.00;184;184;13.45;22.89
2100.00;2400.00;1884.00;21.75;E0_0_3100m;5.00;157;156;11.97;21.79
2100.00;2400.00;2184.00;22.62;E0_1_3100m;5.00;182;182;13.41;22.67
2100.00;2400.00;1920.00;21.98;E0_0_3200m;5.00;160;160;12.13;22.01
2100.00;2400.00;2148.00;22.57;E0_1_3200m;5.00;179;178;13.15;22.59
2100.00;2400.00;1896.00;22.11;E0_0_3300m;5.00;158;159;11.94;22.13
2100.00;2400.00;2148.00;22.51;E0_1_3300m;5.00;179;178;13.19;22.53
2100.00;2400.00;1908.00;22.22;E0_0_3400m;5.00;159;159;11.93;22.24
2100.00;2400.00;2136.00;22.48;E0_1_3400m;5.00;178;178;13.20;22.50
2100.00;2400.00;1920.00;22.18;E0_0_3500m;5.00;160;160;12.02;22.21
2100.00;2400.00;2100.00;22.48;E0_1_3500m;5.00;175;175;12.98;22.49
2100.00;2400.00;1932.00;22.13;E0_0_3600m;5.00;161;161;12.13;22.16
2100.00;2400.00;2088.00;22.46;E0_1_3600m;5.00;174;174;12.91;22.48
2100.00;2400.00;1944.00;22.18;E0_0_3700m;5.00;162;162;12.17;22.21
2100.00;2400.00;2076.00;22.44;E0_1_3700m;5.00;173;173;12.85;22.45
2100.00;2400.00;1920.00;22.29;E0_0_3800m;5.00;160;160;11.96;22.30
2100.00;2400.00;2088.00;22.45;E0_1_3800m;5.00;174;175;12.99;22.46
2100.00;2400.00;1908.00;22.36;E0_0_3900m;5.00;159;160;11.92;22.38
2100.00;2400.00;2100.00;22.64;E0_1_3900m;5.00;175;175;12.88;22.67
2100.00;2400.00;1896.00;23.41;E0_0_4000m;5.00;158;159;11.27;23.49
2100.00;2400.00;2088.00;24.13;E0_1_4000m;5.00;174;177;12.11;24.24
2100.00;2400.00;1872.00;25.60;E0_0_4100m;5.00;156;157;10.18;25.75
2100.00;2400.00;2124.00;27.81;E0_1_4100m;5.00;177;177;10.61;27.96
2100.00;2400.00;1860.00;25.49;E0_0_4200m;5.00;155;155;10.14;25.65
2100.00;2400.00;2148.00;28.12;E0_1_4200m;5.00;179;179;10.61;28.35
2100.00;2400.00;1884.00;25.19;E0_0_4300m;5.00;157;157;10.39;25.38
2100.00;2400.00;2172.00;27.94;E0_1_4300m;5.00;181;181;10.80;28.19
2100.00;2400.00;1896.00;24.90;E0_0_4400m;5.00;158;158;10.58;25.09
2100.00;2400.00;2184.00;27.75;E0_1_4400m;5.00;182;182;10.93;28.00
2100.00;2400.00;1908.00;24.69;E0_0_4500m;5.00;159;159;10.73;24.88
2100.00;2400.00;2220.00;27.57;E0_1_4500m;5.00;185;185;11.18;27.83
2100.00;2400.00;1908.00;24.61;E0_0_4600m;5.00;159;160;10.81;24.81
2100.00;2400.00;2256.00;27.37;E0_1_4600m;5.00;188;188;11.45;27.64
2100.00;2400.00;1908.00;24.41;E0_0_4700m;5.00;159;159;10.86;24.60
2100.00;2400.00;2256.00;27.27;E0_1_4700m;5.00;188;189;11.49;27.54
2100.00;2400.00;1884.00;24.35;E0_0_4800m;5.00;157;157;10.75;24.53
2100.00;2400.00;2256.00;27.15;E0_1_4800m;5.00;188;188;11.54;27.42
2100.00;2400.00;1848.00;24.17;E0_0_4900m;5.00;154;155;10.66;24.33
2100.00;2400.00;2232.00;27.13;E0_1_4900m;5.00;186;186;11.43;27.39
2100.00;2400.00;1812.00;24.11;E0_0_5000m;5.00;151;151;10.44;24.29
2100.00;2400.00;2220.00;27.13;E0_1_5000m;5.00;185;185;11.37;27.38
2400.00;2700.00;0.00;-1.00;E0_0_0m;-1.00;0;0;0.00;-1.00
2400.00;2700.00;0.00;-1.00;E0_1_0m;-1.00;0;0;0.00;-1.00
2400.00;2700.00;1788.00;24.22;E0_0_100m;5.00;149;149;10.25;24.44
2400.00;2700.00;2328.00;25.07;E0_1_100m;5.00;194;193;12.83;25.25
2400.00;2700.00;1776.00;24.39;E0_0_200m;5.00;148;148;10.11;24.67
2400.00;2700.00;2352.00;25.41;E0_1_200m;5.00;196;195;12.81;25.70
2400.00;2700.00;1776.00;24.43;E0_0_300m;5.00;148;148;10.10;24.73
2400.00;2700.00;2328.00;25.32;E0_1_300m;5.00;194;194;12.77;25.66
2400.00;2700.00;1776.00;24.36;E0_0_400m;5.00;148;149;10.19;24.65
2400.00;2700.00;2352.00;25.14;E0_1_400m;5.00;196;197;13.03;25.48
2400.00;2700.00;1788.00;24.37;E0_0_500m;5.00;149;149;10.19;24.66
2400.00;2700.00;2340.00;25.05;E0_1_500m;5.00;195;195;12.97;25.40
2400.00;2700.00;1788.00;24.24;E0_0_600m;5.00;149;149;10.25;24.54
2400.00;2700.00;2328.00;24.91;E0_1_600m;5.00;194;194;12.98;25.23
2400.00;2700.00;1812.00;24.15;E0_0_700m;5.00;151;150;10.38;24.43
2400.00;2700.00;2316.00;24.71;E0_1_700m;5.00;193;194;13.06;25.02
2400.00;2700.00;1812.00;24.21;E0_0_800m;5.00;151;151;10.40;24.46
2400.00;2700.00;2340.00;24.67;E0_1_800m;5.00;195;195;13.17;24.99
2400.00;2700.00;1824.00;24.03;E0_0_900m;5.00;152;152;10.54;24.25
2400.00;2700.00;2328.00;24.59;E0_1_900m;5.00;194;193;13.13;24.90
2400.00;2700.00;1860.00;23.79;E0_0_1000m;5.00;155;155;10.86;24.00
2400.00;2700.00;2316.00;24.34;E0_1_1000m;5.00;193;192;13.15;24.65
2400.00;2700.00;1860.00;23.59;E0_0_1100m;5.00;155;155;10.95;23.79
2400.00;2700.00;2316.00;24.03;E0_1_1100m;5.00;193;192;13.36;24.31
2400.00;2700.00;1872.00;23.47;E0_0_1200m;5.00;156;156;11.08;23.67
2400.00;2700.00;2304.00;23.82;E0_1_1200m;5.00;192;192;13.43;24.09
2400.00;2700.00;1836.00;23.30;E0_0_1300m;5.00;153;153;10.95;23.50
2400.00;2700.00;2280.00;23.64;E0_1_1300m;5.00;190;190;13.40;23.88
2400.00;2700.00;1812.00;23.11;E0_0_1400m;5.00;151;151;10.89;23.30
2400.00;2700.00;2244.00;23.44;E0_1_1400m;5.00;187;187;13.29;23.66
2400.00;2700.00;1836.00;23.03;E0_0_1500m;5.00;153;153;11.07;23.20
2400.00;2700.00;2220.00;23.33;E0_1_1500m;5.00;185;185;13.22;23.53
2400.00;2700.00;1836.00;23.02;E0_0_1600m;5.00;153;153;11.08;23.18
2400.00;2700.00;2232.00;23.25;E0_1_1600m;5.00;186;186;13.33;23.44
2400.00;2700.00;1848.00;22.96;E0_0_1700m;5.00;154;154;11.18;23.11
2400.00;2700.00;2232.00;23.20;E0_1_1700m;5.00;186;186;13.36;23.39
2400.00;2700.00;1872.00;23.00;E0_0_1800m;5.00;156;155;11.27;23.15
2400.00;2700.00;2220.00;23.18;E0_1_1800m;5.00;185;185;13.30;23.37
2400.00;2700.00;1872.00;22.96;E0_0_1900m;5.00;156;156;11.33;23.10
2400.00;2700.00;2220.00;23.11;E0_1_1900m;5.00;185;185;13.34;23.27
2400.00;2700.00;1860.00;22.90;E0_0_2000m;5.00;155;156;11.31;23.05
2400.00;2700.00;2220.00;23.08;E0_1_2000m;5.00;185;185;13.36;23.24
2400.00;2700.00;1896.00;22.94;E0_0_2100m;5.00;158;157;11.41;23.08
2400.00;2700.00;2220.00;23.07;E0_1_2100m;5.00;185;185;13.37;23.22
2400.00;2700.00;1896.00;22.93;E0_0_2200m;5.00;158;158;11.48;23.07
2400.00;2700.00;2232.00;23.07;E0_1_2200m;5.00;186;186;13.44;23.22
2400.00;2700.00;1884.00;22.85;E0_0_2300m;5.00;157;157;11.45;22.98
2400.00;2700.00;2232.00;23.09;E0_1_2300m;5.00;186;187;13.44;23.23
2400.00;2700.00;1872.00;22.77;E0_0_2400m;5.00;156;156;11.42;22.88
2400.00;2700.00;2244.00;23.01;E0_1_2400m;5.00;187;187;13.55;23.14
2400.00;2700.00;1908.00;22.37;E0_0_2500m;5.00;159;159;11.85;22.48
2400.00;2700.00;2220.00;22.66;E0_1_2500m;5.00;185;186;13.68;22.78
2400.00;2700.00;1896.00;21.88;E0_0_2600m;5.00;158;159;12.06;21.98
2400.00;2700.00;2220.00;22.11;E0_1_2600m;5.00;185;185;13.94;22.25
2400.00;2700.00;1908.00;21.20;E0_0_2700m;5.00;159;159;12.50;21.31
2400.00;2700.00;2208.00;21.46;E0_1_2700m;5.00;184;185;14.30;21.63
2400.00;2700.00;1932.00;20.38;E0_0_2800m;5.00;161;161;13.17;20.52
2400.00;2700.00;2196.00;20.64;E0_1_2800m;5.00;183;183;14.78;20.84
2400.00;2700.00;1896.00;19.01;E0_0_2900m;5.00;158;158;13.86;19.14
2400.00;2700.00;2160.00;19.66;E0_1_2900m;5.00;180;180;15.26;19.84
2400.00;2700.00;1872.00;17.56;E0_0_3000m;5.00;156;157;14.83;17.64
2400.00;2700.00;2100.00;18.39;E0_1_3000m;5.00;175;175;15.86;18.46
2400.00;2700.00;1872.00;17.38;E0_0_3100m;5.00;156;156;14.96;17.44
2400.00;2700.00;2028.00;18.24;E0_1_3100m;5.00;169;170;15.52;18.35
2400.00;2700.00;1836.00;17.53;E0_0_3200m;5.00;153;154;14.62;17.58
2400.00;2700.00;2052.00;18.39;E0_1_3200m;5.00;171;171;15.50;18.57
2400.00;2700.00;1872.00;17.59;E0_0_3300m;5.00;156;155;14.75;17.64
2400.00;2700.00;2028.00;18.45;E0_1_3300m;5.00;169;169;15.27;18.65
2400.00;2700.00;1884.00;17.63;E0_0_3400m;5.00;157;157;14.84;17.67
2400.00;2700.00;1992.00;18.35;E0_1_3400m;5.00;166;166;15.07;18.55
2400.00;2700.00;1872.00;17.69;E0_0_3500m;5.00;156;156;14.70;17.71
2400.00;2700.00;1992.00;18.29;E0_1_3500m;5.00;166;167;15.21;18.48
2400.00;2700.00;1860.00;17.71;E0_0_3600m;5.00;155;155;14.58;17.73
2400.00;2700.00;1992.00;18.24;E0_1_3600m;5.00;166;166;15.17;18.44
2400.00;2700.00;1848.00;17.73;E0_0_3700m;5.00;154;154;14.48;17.74
2400.00;2700.00;1980.00;18.18;E0_1_3700m;5.00;165;165;15.12;18.32
2400.00;2700.00;1848.00;17.68;E0_0_3800m;5.00;154;154;14.52;17.70
2400.00;2700.00;2028.00;18.10;E0_1_3800m;5.00;169;168;15.50;18.17
2400.00;2700.00;1896.00;17.78;E0_0_3900m;5.00;158;157;14.75;17.79
2400.00;2700.00;2052.00;18.24;E0_1_3900m;5.00;171;171;15.62;18.31
2400.00;2700.00;1956.00;19.59;E0_0_4000m;5.00;163;163;13.88;19.74
2400.00;2700.00;2064.00;20.70;E0_1_4000m;5.00;172;172;13.87;21.02
2400.00;2700.00;1896.00;25.71;E0_0_4100m;5.00;158;158;10.24;25.82
2400.00;2700.00;2172.00;26.71;E0_1_4100m;5.00;181;182;11.30;26.81
2400.00;2700.00;1872.00;26.09;E0_0_4200m;5.00;156;157;9.97;26.22
2400.00;2700.00;2208.00;27.49;E0_1_4200m;5.00;184;184;11.16;27.71
2400.00;2700.00;1908.00;26.11;E0_0_4300m;5.00;159;159;10.15;26.25
2400.00;2700.00;2172.00;27.30;E0_1_4300m;5.00;181;181;11.05;27.54
2400.00;2700.00;1884.00;25.96;E0_0_4400m;5.00;157;157;10.08;26.10
2400.00;2700.00;2196.00;27.18;E0_1_4400m;5.00;183;183;11.22;27.42
2400.00;2700.00;1872.00;25.82;E0_0_4500m;5.00;156;156;10.07;25.95
2400.00;2700.00;2172.00;27.11;E0_1_4500m;5.00;181;181;11.13;27.36
2400.00;2700.00;1896.00;25.65;E0_0_4600m;5.00;158;158;10.27;25.81
2400.00;2700.00;2112.00;26.98;E0_1_4600m;5.00;176;176;10.87;27.25
2400.00;2700.00;1860.00;25.55;E0_0_4700m;5.00;155;155;10.11;25.72
2400.00;2700.00;2076.00;26.86;E0_1_4700m;5.00;173;173;10.74;27.13
2400.00;2700.00;1824.00;25.52;E0_0_4800m;5.00;152;153;9.94;25.67
2400.00;2700.00;2088.00;26.85;E0_1_4800m;5.00;174;174;10.80;27.14
2400.00;2700.00;1848.00;25.49;E0_0_4900m;5.00;154;153;10.02;25.64
2400.00;2700.00;2076.00;26.89;E0_1_4900m;5.00;173;173;10.72;27.19
2400.00;2700.00;1812.00;25.57;E0_0_5000m;5.00;151;152;9.88;25.72
2400.00;2700.00;2076.00;26.89;E0_1_5000m;5.00;173;173;10.72;27.19
2700.00;3000.00;0.00;-1.00;E0_0_0m;-1.00;0;0;0.00;-1.00
2700.00;3000.00;0.00;-1.00;E0_1_0m;-1.00;0;0;0.00;-1.00
2700.00;3000.00;1728.00;24.76;E0_0_100m;5.00;144;144;9.69;24.97
2700.00;3000.00;2100.00;26.16;E0_1_100m;5.00;175;175;11.15;26.31
2700.00;3000.00;1740.00;25.36;E0_0_200m;5.00;145;145;9.53;25.59
2700.00;3000.00;2040.00;27.15;E0_1_200m;5.00;170;170;10.44;27.36
2700.00;3000.00;1692.00;25.66;E0_0_300m;5.00;141;142;9.23;25.87
2700.00;3000.00;2064.00;27.48;E0_1_300m;5.00;172;172;10.43;27.69
2700.00;3000.00;1704.00;25.66;E0_0_400m;5.00;142;141;9.16;25.81
2700.00;3000.00;2076.00;27.75;E0_1_400m;5.00;173;172;10.36;27.94
2700.00;3000.00;1716.00;25.64;E0_0_500m;5.00;143;144;9.34;25.76
2700.00;3000.00;2076.00;27.96;E0_1_500m;5.00;173;173;10.31;28.12
2700.00;3000.00;1716.00;25.70;E0_0_600m;5.00;143;143;9.27;25.81
2700.00;3000.00;2088.00;27.93;E0_1_600m;5.00;174;174;10.38;28.08
2700.00;3000.00;1704.00;25.68;E0_0_700m;5.00;142;143;9.26;25.78
2700.00;3000.00;2112.00;27.83;E0_1_700m;5.00;176;175;10.50;27.96
2700.00;3000.00;1656.00;25.61;E0_0_800m;5.00;138;138;8.98;25.70
2700.00;3000.00;2136.00;27.74;E0_1_800m;5.00;178;178;10.70;27.85
2700.00;3000.00;1656.00;25.62;E0_0_900m;5.00;138;138;8.98;25.71
2700.00;3000.00;2184.00;27.71;E0_1_900m;5.00;182;182;10.95;27.82
2700.00;3000.00;1680.00;25.60;E0_0_1000m;5.00;140;140;9.12;25.69
2700.00;3000.00;2184.00;27.61;E0_1_1000m;5.00;182;182;10.99;27.70
2700.00;3000.00;1692.00;25.44;E0_0_1100m;5.00;141;141;9.24;25.53
2700.00;3000.00;2220.00;27.55;E0_1_1100m;5.00;185;185;11.19;27.64
2700.00;3000.00;1704.00;25.44;E0_0_1200m;5.00;142;142;9.30;25.53
2700.00;3000.00;2196.00;27.43;E0_1_1200m;5.00;183;184;11.16;27.52
2700.00;3000.00;1680.00;25.30;E0_0_1300m;5.00;140;140;9.22;25.37
2700.00;3000.00;2232.00;27.22;E0_1_1300m;5.00;186;186;11.39;27.32
2700.00;3000.00;1644.00;25.20;E0_0_1400m;5.00;137;137;9.06;25.27
2700.00;3000.00;2256.00;26.96;E0_1_1400m;5.00;188;188;11.62;27.05
2700.00;3000.00;1644.00;25.16;E0_0_1500m;5.00;137;137;9.07;25.24
2700.00;3000.00;2244.00;26.63;E0_1_1500m;5.00;187;187;11.70;26.73
2700.00;3000.00;1692.00;25.06;E0_0_1600m;5.00;141;141;9.38;25.19
2700.00;3000.00;2220.00;26.44;E0_1_1600m;5.00;185;186;11.72;26.59
2700.00;3000.00;1704.00;24.72;E0_0_1700m;5.00;142;142;9.57;24.83
2700.00;3000.00;2268.00;25.98;E0_1_1700m;5.00;189;189;12.13;26.16
2700.00;3000.00;1752.00;24.36;E0_0_1800m;5.00;146;146;9.99;24.50
2700.00;3000.00;2280.00;25.35;E0_1_1800m;5.00;190;190;12.49;25.58
2700.00;3000.00;1764.00;23.92;E0_0_1900m;5.00;147;147;10.24;24.13
2700.00;3000.00;2316.00;24.69;E0_1_1900m;5.00;193;193;13.03;24.99
2700.00;3000.00;1764.00;23.40;E0_0_2000m;5.00;147;146;10.44;23.64
2700.00;3000.00;2328.00;23.99;E0_1_2000m;5.00;194;194;13.48;24.34
2700.00;3000.00;1728.00;22.90;E0_0_2100m;5.00;144;144;10.48;23.15
2700.00;3000.00;2352.00;23.34;E0_1_2100m;5.00;196;196;14.00;23.71
2700.00;3000.00;1728.00;22.29;E0_0_2200m;5.00;144;144;10.77;22.54
2700.00;3000.00;2340.00;22.65;E0_1_2200m;5.00;195;195;14.35;23.02
2700.00;3000.00;1776.00;21.67;E0_0_2300m;5.00;148;148;11.38;21.93
2700.00;3000.00;2340.00;21.92;E0_1_2300m;5.00;195;194;14.81;22.29
2700.00;3000.00;1824.00;21.04;E0_0_2400m;5.00;152;152;12.04;21.26
2700.00;3000.00;2352.00;21.15;E0_1_2400m;5.00;196;196;15.44;21.44
2700.00;3000.00;1848.00;20.20;E0_0_2500m;5.00;154;154;12.71;20.34
2700.00;3000.00;2364.00;20.38;E0_1_2500m;5.00;197;196;16.04;20.57
2700.00;3000.00;1884.00;19.45;E0_0_2600m;5.00;157;156;13.43;19.53
2700.00;3000.00;2376.00;19.51;E0_1_2600m;5.00;198;198;16.91;19.61
2700.00;3000.00;1884.00;18.79;E0_0_2700m;5.00;157;157;13.93;18.82
2700.00;3000.00;2388.00;18.89;E0_1_2700m;5.00;199;198;17.55;18.93
2700.00;3000.00;1872.00;18.32;E0_0_2800m;5.00;156;156;14.19;18.34
2700.00;3000.00;2376.00;18.46;E0_1_2800m;5.00;198;199;17.88;18.47
2700.00;3000.00;1872.00;18.09;E0_0_2900m;5.00;156;156;14.37;18.10
2700.00;3000.00;2388.00;18.19;E0_1_2900m;5.00;199;199;18.23;18.20
2700.00;3000.00;1896.00;17.53;E0_0_3000m;5.00;158;157;14.99;17.55
2700.00;3000.00;2388.00;18.00;E0_1_3000m;5.00;199;199;18.42;18.01
2700.00;3000.00;1956.00;17.49;E0_0_3100m;5.00;163;165;15.62;17.51
2700.00;3000.00;2316.00;18.18;E0_1_3100m;5.00;193;192;17.62;18.23
2700.00;3000.00;2004.00;17.60;E0_0_3200m;5.00;167;166;15.74;17.61
2700.00;3000.00;2280.00;18.08;E0_1_3200m;5.00;190;190;17.51;18.11
2700.00;3000.00;1992.00;17.58;E0_0_3300m;5.00;166;166;15.74;17.59
2700.00;3000.00;2280.00;17.95;E0_1_3300m;5.00;190;190;17.64;17.96
2700.00;3000.00;1980.00;17.58;E0_0_3400m;5.00;165;165;15.64;17.60
2700.00;3000.00;2304.00;17.91;E0_1_3400m;5.00;192;192;17.87;17.91
2700.00;3000.00;1980.00;17.63;E0_0_3500m;5.00;165;165;15.60;17.64
2700.00;3000.00;2328.00;17.89;E0_1_3500m;5.00;194;193;17.99;17.89
2700.00;3000.00;1992.00;17.74;E0_0_3600m;5.00;166;166;15.59;17.75
2700.00;3000.00;2316.00;17.88;E0_1_3600m;5.00;193;193;17.99;17.88
2700.00;3000.00;1992.00;17.77;E0_0_3700m;5.00;166;166;15.57;17.77
2700.00;3000.00;2316.00;17.88;E0_1_3700m;5.00;193;193;17.99;17.88
2700.00;3000.00;1980.00;17.81;E0_0_3800m;5.00;165;166;15.52;17.81
2700.00;3000.00;2268.00;17.89;E0_1_3800m;5.00;189;190;17.65;17.89
2700.00;3000.00;1944.00;17.85;E0_0_3900m;5.00;162;162;15.12;17.86
2700.00;3000.00;2232.00;18.11;E0_1_3900m;5.00;186;186;17.12;18.14
2700.00;3000.00;1968.00;19.43;E0_0_4000m;5.00;164;165;14.11;19.59
2700.00;3000.00;2148.00;20.50;E0_1_4000m;5.00;179;180;14.62;20.74
2700.00;3000.00;1896.00;25.77;E0_0_4100m;5.00;158;160;10.27;25.90
2700.00;3000.00;2160.00;26.94;E0_1_4100m;5.00;180;181;11.20;27.05
2700.00;3000.00;1860.00;26.44;E0_0_4200m;5.00;155;154;9.77;26.63
2700.00;3000.00;2196.00;28.10;E0_1_4200m;5.00;183;183;10.85;28.31
2700.00;3000.00;1836.00;26.28;E0_0_4300m;5.00;153;153;9.70;26.45
2700.00;3000.00;2172.00;27.83;E0_1_4300m;5.00;181;181;10.84;28.03
2700.00;3000.00;1860.00;26.07;E0_0_4400m;5.00;155;155;9.91;26.25
2700.00;3000.00;2160.00;27.51;E0_1_4400m;5.00;180;180;10.90;27.70
2700.00;3000.00;1848.00;25.89;E0_0_4500m;5.00;154;154;9.91;26.04
2700.00;3000.00;2184.00;27.30;E0_1_4500m;5.00;182;182;11.11;27.48
2700.00;3000.00;1824.00;25.64;E0_0_4600m;5.00;152;152;9.88;25.78
2700.00;3000.00;2208.00;27.06;E0_1_4600m;5.00;184;184;11.33;27.22
2700.00;3000.00;1860.00;25.32;E0_0_4700m;5.00;155;155;10.20;25.46
2700.00;3000.00;2184.00;26.90;E0_1_4700m;5.00;182;182;11.27;27.09
2700.00;3000.00;1872.00;25.22;E0_0_4800m;5.00;156;155;10.30;25.35
2700.00;3000.00;2172.00;26.85;E0_1_4800m;5.00;181;181;11.23;27.05
2700.00;3000.00;1872.00;25.11;E0_0_4900m;5.00;156;157;10.42;25.24
2700.00;3000.00;2148.00;26.78;E0_1_4900m;5.00;179;180;11.19;27.02
2700.00;3000.00;1848.00;24.59;E0_0_5000m;5.00;154;154;10.44;24.71
2700.00;3000.00;2196.00;26.46;E0_1_5000m;5.00;183;184;11.56;26.67
3000.00;3300.00;0.00;-1.00;E0_0_0m;-1.00;0;0;0.00;-1.00
3000.00;3300.00;0.00;-1.00;E0_1_0m;-1.00;0;0;0.00;-1.00
3000.00;3300.00;1812.00;25.89;E0_0_100m;5.00;151;153;9.74;26.08
3000.00;3300.00;2064.00;27.06;E0_1_100m;5.00;172;172;10.59;27.26
3000.00;3300.00;1764.00;26.01;E0_0_200m;5.00;147;147;9.42;26.19
3000.00;3300.00;2124.00;27.72;E0_1_200m;5.00;177;177;10.64;27.95
3000.00;3300.00;1788.00;25.93;E0_0_300m;5.00;149;148;9.51;26.08
3000.00;3300.00;2124.00;27.72;E0_1_300m;5.00;177;177;10.64;27.94
3000.00;3300.00;1740.00;25.92;E0_0_400m;5.00;145;146;9.36;26.08
3000.00;3300.00;2124.00;27.64;E0_1_400m;5.00;177;177;10.67;27.84
3000.00;3300.00;1704.00;25.75;E0_0_500m;5.00;142;143;9.24;25.90
3000.00;3300.00;2124.00;27.60;E0_1_500m;5.00;177;177;10.69;27.78
3000.00;3300.00;1704.00;25.53;E0_0_600m;5.00;142;142;9.27;25.68
3000.00;3300.00;2112.00;27.51;E0_1_600m;5.00;176;176;10.66;27.67
3000.00;3300.00;1668.00;25.36;E0_0_700m;5.00;139;139;9.14;25.52
3000.00;3300.00;2124.00;27.51;E0_1_700m;5.00;177;178;10.74;27.65
3000.00;3300.00;1668.00;25.39;E0_0_800m;5.00;139;139;9.13;25.54
3000.00;3300.00;2100.00;27.55;E0_1_800m;5.00;175;175;10.59;27.69
3000.00;3300.00;1644.00;25.44;E0_0_900m;5.00;137;138;9.00;25.56
3000.00;3300.00;2076.00;27.51;E0_1_900m;5.00;173;173;10.48;27.65
3000.00;3300.00;1596.00;25.44;E0_0_1000m;5.00;133;134;8.72;25.55
3000.00;3300.00;2076.00;27.55;E0_1_1000m;5.00;173;173;10.47;27.69
3000.00;3300.00;1572.00;25.56;E0_0_1100m;5.00;131;131;8.54;25.67
3000.00;3300.00;2052.00;27.69;E0_1_1100m;5.00;171;171;10.29;27.85
3000.00;3300.00;1608.00;25.55;E0_0_1200m;5.00;134;134;8.74;25.66
3000.00;3300.00;2064.00;27.82;E0_1_1200m;5.00;172;172;10.30;28.00
3000.00;3300.00;1632.00;25.54;E0_0_1300m;5.00;136;136;8.87;25.64
3000.00;3300.00;2040.00;27.89;E0_1_1300m;5.00;170;170;10.16;28.08
3000.00;3300.00;1656.00;25.46;E0_0_1400m;5.00;138;138;9.04;25.55
3000.00;3300.00;2040.00;27.85;E0_1_1400m;5.00;170;170;10.18;28.01
3000.00;3300.00;1632.00;25.37;E0_0_1500m;5.00;136;137;8.98;25.48
3000.00;3300.00;2064.00;27.75;E0_1_1500m;5.00;172;172;10.33;27.91
3000.00;3300.00;1608.00;25.34;E0_0_1600m;5.00;134;134;8.81;25.43
3000.00;3300.00;2064.00;27.64;E0_1_1600m;5.00;172;172;10.37;27.78
3000.00;3300.00;1596.00;25.24;E0_0_1700m;5.00;133;133;8.78;25.32
3000.00;3300.00;2004.00;27.60;E0_1_1700m;5.00;167;167;10.08;27.73
3000.00;3300.00;1536.00;25.05;E0_0_1800m;5.00;128;128;8.52;25.12
3000.00;3300.00;1992.00;27.55;E0_1_1800m;5.00;166;166;10.04;27.66
3000.00;3300.00;1476.00;25.05;E0_0_1900m;5.00;123;124;8.21;25.13
3000.00;3300.00;2004.00;27.54;E0_1_1900m;5.00;167;167;10.11;27.65
3000.00;3300.00;1476.00;25.09;E0_0_2000m;5.00;123;123;8.17;25.17
3000.00;3300.00;2028.00;27.52;E0_1_2000m;5.00;169;169;10.23;27.62
3000.00;3300.00;1500.00;25.00;E0_0_2100m;5.00;125;125;8.33;25.08
3000.00;3300.00;2028.00;27.55;E0_1_2100m;5.00;169;169;10.23;27.65
3000.00;3300.00;1524.00;24.92;E0_0_2200m;5.00;127;127;8.49;25.00
3000.00;3300.00;2052.00;27.46;E0_1_2200m;5.00;171;172;10.39;27.58
3000.00;3300.00;1524.00;24.93;E0_0_2300m;5.00;127;127;8.49;25.03
3000.00;3300.00;2016.00;27.34;E0_1_2300m;5.00;168;169;10.25;27.49
3000.00;3300.00;1500.00;24.78;E0_0_2400m;5.00;125;125;8.41;24.89
3000.00;3300.00;1992.00;27.44;E0_1_2400m;5.00;166;167;10.09;27.62
3000.00;3300.00;1536.00;24.70;E0_0_2500m;5.00;128;128;8.64;24.79
3000.00;3300.00;1944.00;27.18;E0_1_2500m;5.00;162;162;9.93;27.40
3000.00;3300.00;1536.00;24.26;E0_0_2600m;5.00;128;128;8.80;24.37
3000.00;3300.00;1944.00;26.49;E0_1_2600m;5.00;162;162;10.19;26.78
3000.00;3300.00;1536.00;23.57;E0_0_2700m;5.00;128;128;9.05;23.75
3000.00;3300.00;1992.00;25.53;E0_1_2700m;5.00;166;166;10.84;25.93
3000.00;3300.00;1536.00;22.30;E0_0_2800m;5.00;128;128;9.57;22.56
3000.00;3300.00;2040.00;24.00;E0_1_2800m;5.00;170;169;11.80;24.51
3000.00;3300.00;1548.00;20.29;E0_0_2900m;5.00;129;130;10.62;20.58
3000.00;3300.00;2064.00;21.78;E0_1_2900m;5.00;172;172;13.16;22.25
3000.00;3300.00;1536.00;17.89;E0_0_3000m;5.00;128;130;12.08;17.98
3000.00;3300.00;2076.00;19.10;E0_1_3000m;5.00;173;173;15.09;19.41
3000.00;3300.00;1656.00;17.69;E0_0_3100m;5.00;138;138;13.04;17.75
3000.00;3300.00;1980.00;18.91;E0_1_3100m;5.00;165;166;14.58;19.29
3000.00;3300.00;1704.00;17.81;E0_0_3200m;5.00;142;142;13.29;17.84
3000.00;3300.00;1932.00;18.99;E0_1_3200m;5.00;161;161;14.13;19.37
3000.00;3300.00;1752.00;17.89;E0_0_3300m;5.00;146;147;13.63;17.93
3000.00;3300.00;1908.00;18.71;E0_1_3300m;5.00;159;159;14.16;18.99
3000.00;3300.00;1740.00;17.93;E0_0_3400m;5.00;145;146;13.55;17.97
3000.00;3300.00;1908.00;18.54;E0_1_3400m;5.00;159;161;14.36;18.74
3000.00;3300.00;1752.00;17.88;E0_0_3500m;5.00;146;146;13.61;17.88
3000.00;3300.00;1896.00;18.35;E0_1_3500m;5.00;158;158;14.35;18.47
3000.00;3300.00;1764.00;17.87;E0_0_3600m;5.00;147;147;13.71;17.87
3000.00;3300.00;1944.00;18.15;E0_1_3600m;5.00;162;162;14.88;18.20
3000.00;3300.00;1776.00;17.86;E0_0_3700m;5.00;148;148;13.81;17.86
3000.00;3300.00;1980.00;18.01;E0_1_3700m;5.00;165;165;15.27;18.03
3000.00;3300.00;1836.00;17.79;E0_0_3800m;5.00;153;152;14.26;17.79
3000.00;3300.00;1980.00;17.98;E0_1_3800m;5.00;165;164;15.25;17.99
3000.00;3300.00;1872.00;17.81;E0_0_3900m;5.00;156;156;14.60;17.84
3000.00;3300.00;1968.00;18.19;E0_1_3900m;5.00;164;165;15.09;18.24
3000.00;3300.00;1848.00;19.34;E0_0_4000m;5.00;154;154;13.29;19.49
3000.00;3300.00;1992.00;20.89;E0_1_4000m;5.00;166;167;13.30;21.24
3000.00;3300.00;1776.00;25.99;E0_0_4100m;5.00;148;147;9.45;26.10
3000.00;3300.00;2076.00;27.11;E0_1_4100m;5.00;173;172;10.57;27.22
3000.00;3300.00;1728.00;26.63;E0_0_4200m;5.00;144;144;9.01;26.80
3000.00;3300.00;2112.00;28.17;E0_1_4200m;5.00;176;176;10.41;28.38
3000.00;3300.00;1764.00;26.44;E0_0_4300m;5.00;147;147;9.27;26.59
3000.00;3300.00;2076.00;27.96;E0_1_4300m;5.00;173;173;10.31;28.16
3000.00;3300.00;1776.00;26.21;E0_0_4400m;5.00;148;148;9.41;26.37
3000.00;3300.00;2076.00;27.54;E0_1_4400m;5.00;173;173;10.47;27.72
3000.00;3300.00;1752.00;25.98;E0_0_4500m;5.00;146;146;9.36;26.10
3000.00;3300.00;2112.00;27.30;E0_1_4500m;5.00;176;176;10.75;27.46
3000.00;3300.00;1764.00;25.89;E0_0_4600m;5.00;147;147;9.46;26.00
3000.00;3300.00;2124.00;27.15;E0_1_4600m;5.00;177;177;10.87;27.31
3000.00;3300.00;1776.00;25.74;E0_0_4700m;5.00;148;148;9.58;25.83
3000.00;3300.00;2112.00;27.08;E0_1_4700m;5.00;176;176;10.83;27.26
3000.00;3300.00;1764.00;25.65;E0_0_4800m;5.00;147;147;9.55;25.73
3000.00;3300.00;2136.00;26.99;E0_1_4800m;5.00;178;178;10.99;27.17
3000.00;3300.00;1764.00;25.46;E0_0_4900m;5.00;147;147;9.62;25.52
3000.00;3300.00;2160.00;26.94;E0_1_4900m;5.00;180;180;11.14;27.13
3000.00;3300.00;1764.00;25.32;E0_0_5000m;5.00;147;147;9.68;25.38
3000.00;3300.00;2148.00;26.89;E0_1_5000m;5.00;179;179;11.09;27.10
3300.00;3600.00;0.00;-1.00;E0_0_0m;-1.00;0;0;0.00;-1.00
3300.00;3600.00;0.00;-1.00;E0_1_0m;-1.00;0;0;0.00;-1.00
3300.00;3600.00;1656.00;26.16;E0_0_100m;5.00;138;138;8.79;26.34
3300.00;3600.00;1980.00;27.25;E0_1_100m;5.00;165;165;10.09;27.47
3300.00;3600.00;1668.00;26.44;E0_0_200m;5.00;139;139;8.76;26.62
3300.00;3600.00;1956.00;28.18;E0_1_200m;5.00;163;163;9.64;28.44
3300.00;3600.00;1632.00;26.18;E0_0_300m;5.00;136;136;8.66;26.37
3300.00;3600.00;2004.00;28.40;E0_1_300m;5.00;167;167;9.80;28.66
3300.00;3600.00;1656.00;25.83;E0_0_400m;5.00;138;137;8.87;26.02
3300.00;3600.00;2004.00;28.42;E0_1_400m;5.00;167;167;9.79;28.67
3300.00;3600.00;1632.00;25.68;E0_0_500m;5.00;136;136;8.83;25.88
3300.00;3600.00;2052.00;28.27;E0_1_500m;5.00;171;171;10.08;28.49
3300.00;3600.00;1620.00;25.65;E0_0_600m;5.00;135;135;8.77;25.83
3300.00;3600.00;2088.00;28.32;E0_1_600m;5.00;174;174;10.24;28.51
3300.00;3600.00;1656.00;25.52;E0_0_700m;5.00;138;138;9.01;25.71
3300.00;3600.00;2088.00;28.38;E0_1_700m;5.00;174;173;10.20;28.57
3300.00;3600.00;1680.00;25.50;E0_0_800m;5.00;140;140;9.15;25.69
3300.00;3600.00;2112.00;28.29;E0_1_800m;5.00;176;176;10.37;28.47
3300.00;3600.00;1680.00;25.28;E0_0_900m;5.00;140;140;9.23;25.47
3300.00;3600.00;2172.00;28.19;E0_1_900m;5.00;181;181;10.70;28.35
3300.00;3600.00;1680.00;25.09;E0_0_1000m;5.00;140;139;9.29;25.29
3300.00;3600.00;2196.00;28.08;E0_1_1000m;5.00;183;183;10.86;28.23
3300.00;3600.00;1680.00;24.96;E0_0_1100m;5.00;140;140;9.35;25.15
3300.00;3600.00;2196.00;28.04;E0_1_1100m;5.00;183;183;10.88;28.19
3300.00;3600.00;1680.00;24.82;E0_0_1200m;5.00;140;140;9.40;25.02
3300.00;3600.00;2184.00;27.94;E0_1_1200m;5.00;182;183;10.86;28.08
3300.00;3600.00;1704.00;24.73;E0_0_1300m;5.00;142;142;9.57;24.93
3300.00;3600.00;2196.00;27.81;E0_1_1300m;5.00;183;183;10.97;27.93
3300.00;3600.00;1716.00;24.50;E0_0_1400m;5.00;143;143;9.73;24.71
3300.00;3600.00;2208.00;27.66;E0_1_1400m;5.00;184;185;11.09;27.77
3300.00;3600.00;1740.00;24.50;E0_0_1500m;5.00;145;144;9.82;24.69
3300.00;3600.00;2220.00;27.56;E0_1_1500m;5.00;185;185;11.19;27.66
3300.00;3600.00;1740.00;24.51;E0_0_1600m;5.00;145;145;9.86;24.71
3300.00;3600.00;2232.00;27.40;E0_1_1600m;5.00;186;186;11.31;27.49
3300.00;3600.00;1740.00;24.50;E0_0_1700m;5.00;145;146;9.87;24.69
3300.00;3600.00;2256.00;27.34;E0_1_1700m;5.00;188;189;11.50;27.44
3300.00;3600.00;1764.00;24.51;E0_0_1800m;5.00;147;147;10.00;24.69
3300.00;3600.00;2244.00;27.30;E0_1_1800m;5.00;187;187;11.42;27.40
3300.00;3600.00;1884.00;24.61;E0_0_1900m;5.00;157;157;10.63;24.79
3300.00;3600.00;2160.00;27.28;E0_1_1900m;5.00;180;180;11.00;27.38
3300.00;3600.00;1884.00;24.59;E0_0_2000m;5.00;157;157;10.64;24.75
3300.00;3600.00;2172.00;27.18;E0_1_2000m;5.00;181;181;11.10;27.26
3300.00;3600.00;1884.00;24.62;E0_0_2100m;5.00;157;157;10.63;24.77
3300.00;3600.00;2208.00;27.10;E0_1_2100m;5.00;184;184;11.32;27.17
3300.00;3600.00;1860.00;24.68;E0_0_2200m;5.00;155;155;10.47;24.82
3300.00;3600.00;2172.00;26.99;E0_1_2200m;5.00;181;181;11.18;27.07
3300.00;3600.00;1860.00;24.57;E0_0_2300m;5.00;155;155;10.51;24.71
3300.00;3600.00;2208.00;26.86;E0_1_2300m;5.00;184;183;11.41;26.99
3300.00;3600.00;1884.00;24.16;E0_0_2400m;5.00;157;157;10.83;24.32
3300.00;3600.00;2208.00;26.64;E0_1_2400m;5.00;184;185;11.56;26.83
3300.00;3600.00;1872.00;23.60;E0_0_2500m;5.00;156;156;11.02;23.82
3300.00;3600.00;2208.00;26.13;E0_1_2500m;5.00;184;184;11.74;26.39
3300.00;3600.00;1812.00;23.12;E0_0_2600m;5.00;151;152;10.88;23.40
3300.00;3600.00;2220.00;25.40;E0_1_2600m;5.00;185;185;12.14;25.75
3300.00;3600.00;1788.00;22.45;E0_0_2700m;5.00;149;149;11.06;22.78
3300.00;3600.00;2184.00;24.26;E0_1_2700m;5.00;182;183;12.55;24.69
3300.00;3600.00;1752.00;21.51;E0_0_2800m;5.00;146;147;11.40;21.86
3300.00;3600.00;2160.00;22.88;E0_1_2800m;5.00;180;180;13.11;23.40
3300.00;3600.00;1752.00;20.18;E0_0_2900m;5.00;146;145;12.03;20.57
3300.00;3600.00;2124.00;21.09;E0_1_2900m;5.00;177;178;14.04;21.55
3300.00;3600.00;1728.00;18.09;E0_0_3000m;5.00;144;143;13.19;18.24
3300.00;3600.00;2124.00;18.89;E0_1_3000m;5.00;177;177;15.61;19.10
3300.00;3600.00;1812.00;17.70;E0_0_3100m;5.00;151;152;14.23;17.76
3300.00;3600.00;2028.00;18.37;E0_1_3100m;5.00;169;169;15.34;18.46
3300.00;3600.00;1764.00;17.59;E0_0_3200m;5.00;147;148;14.02;17.61
3300.00;3600.00;2052.00;18.25;E0_1_3200m;5.00;171;171;15.62;18.32
3300.00;3600.00;1776.00;17.55;E0_0_3300m;5.00;148;147;14.02;17.56
3300.00;3600.00;2028.00;18.10;E0_1_3300m;5.00;169;170;15.59;18.13
3300.00;3600.00;1776.00;17.59;E0_0_3400m;5.00;148;147;13.95;17.61
3300.00;3600.00;2028.00;17.97;E0_1_3400m;5.00;169;169;15.75;17.98
3300.00;3600.00;1740.00;17.71;E0_0_3500m;5.00;145;146;13.68;17.71
3300.00;3600.00;2040.00;17.92;E0_1_3500m;5.00;170;170;15.81;17.92
3300.00;3600.00;1740.00;17.76;E0_0_3600m;5.00;145;145;13.61;17.76
3300.00;3600.00;1992.00;17.89;E0_1_3600m;5.00;166;167;15.53;17.89
3300.00;3600.00;1740.00;17.74;E0_0_3700m;5.00;145;145;13.62;17.75
3300.00;3600.00;1980.00;17.91;E0_1_3700m;5.00;165;165;15.35;17.92
3300.00;3600.00;1740.00;17.68;E0_0_3800m;5.00;145;145;13.67;17.69
3300.00;3600.00;1980.00;17.96;E0_1_3800m;5.00;165;165;15.31;17.98
3300.00;3600.00;1716.00;17.64;E0_0_3900m;5.00;143;143;13.51;17.66
3300.00;3600.00;1992.00;18.18;E0_1_3900m;5.00;166;166;15.22;18.23
3300.00;3600.00;1740.00;19.19;E0_0_4000m;5.00;145;145;12.60;19.34
3300.00;3600.00;1980.00;20.78;E0_1_4000m;5.00;165;165;13.23;21.13
3300.00;3600.00;1692.00;25.92;E0_0_4100m;5.00;141;141;9.07;26.01
3300.00;3600.00;2040.00;27.58;E0_1_4100m;5.00;170;170;10.27;27.65
3300.00;3600.00;1716.00;26.68;E0_0_4200m;5.00;143;143;8.93;26.82
3300.00;3600.00;2028.00;28.87;E0_1_4200m;5.00;169;169;9.76;29.01
3300.00;3600.00;1740.00;26.53;E0_0_4300m;5.00;145;145;9.11;26.66
3300.00;3600.00;2016.00;28.92;E0_1_4300m;5.00;168;168;9.68;29.04
3300.00;3600.00;1740.00;26.33;E0_0_4400m;5.00;145;145;9.18;26.43
3300.00;3600.00;2016.00;28.81;E0_1_4400m;5.00;168;168;9.72;28.92
3300.00;3600.00;1752.00;26.21;E0_0_4500m;5.00;146;146;9.28;26.31
3300.00;3600.00;2040.00;28.73;E0_1_4500m;5.00;170;170;9.86;28.83
3300.00;3600.00;1740.00;26.13;E0_0_4600m;5.00;145;145;9.25;26.24
3300.00;3600.00;2064.00;28.74;E0_1_4600m;5.00;172;173;9.98;28.84
3300.00;3600.00;1740.00;26.02;E0_0_4700m;5.00;145;145;9.29;26.14
3300.00;3600.00;2076.00;28.79;E0_1_4700m;5.00;173;173;10.01;28.90
3300.00;3600.00;1716.00;25.95;E0_0_4800m;5.00;143;143;9.19;26.06
3300.00;3600.00;2088.00;28.82;E0_1_4800m;5.00;174;174;10.06;28.93
3300.00;3600.00;1704.00;25.77;E0_0_4900m;5.00;142;142;9.18;25.88
3300.00;3600.00;2112.00;28.74;E0_1_4900m;5.00;176;176;10.20;28.86
3300.00;3600.00;1704.00;25.64;E0_0_5000m;5.00;142;142;9.23;25.75
3300.00;3600.00;2124.00;28.76;E0_1_5000m;5.00;177;177;10.26;28.88
3600.00;3900.00;0.00;-1.00;E0_0_0m;-1.00;0;0;0.00;-1.00
3600.00;3900.00;0.00;-1.00;E0_1_0m;-1.00;0;0;0.00;-1.00
3600.00;3900.00;1800.00;26.60;E0_0_100m;5.00;150;150;9.40;26.72
3600.00;3900.00;2076.00;27.56;E0_1_100m;5.00;173;174;10.51;27.71
3600.00;3900.00;1812.00;26.84;E0_0_200m;5.00;151;151;9.38;26.96
3600.00;3900.00;2076.00;28.15;E0_1_200m;5.00;173;173;10.24;28.33
3600.00;3900.00;1836.00;26.75;E0_0_300m;5.00;153;153;9.53;26.86
3600.00;3900.00;2052.00;28.23;E0_1_300m;5.00;171;171;10.10;28.40
3600.00;3900.00;1860.00;26.70;E0_0_400m;5.00;155;155;9.67;26.81
3600.00;3900.00;2040.00;28.10;E0_1_400m;5.00;170;171;10.13;28.26
3600.00;3900.00;1860.00;26.65;E0_0_500m;5.00;155;155;9.69;26.76
3600.00;3900.00;2064.00;28.03;E0_1_500m;5.00;172;172;10.23;28.18
3600.00;3900.00;1872.00;26.52;E0_0_600m;5.00;156;156;9.80;26.62
3600.00;3900.00;2052.00;27.95;E0_1_600m;5.00;171;171;10.20;28.10
3600.00;3900.00;1860.00;26.45;E0_0_700m;5.00;155;157;9.81;26.54
3600.00;3900.00;2040.00;27.79;E0_1_700m;5.00;170;171;10.24;27.96
3600.00;3900.00;1836.00;26.38;E0_0_800m;5.00;153;154;9.68;26.46
3600.00;3900.00;2040.00;27.66;E0_1_800m;5.00;170;170;10.24;27.82
3600.00;3900.00;1812.00;26.28;E0_0_900m;5.00;151;151;9.58;26.36
3600.00;3900.00;2016.00;27.62;E0_1_900m;5.00;168;168;10.14;27.76
3600.00;3900.00;1800.00;26.26;E0_0_1000m;5.00;150;150;9.52;26.34
3600.00;3900.00;2028.00;27.62;E0_1_1000m;5.00;169;169;10.20;27.78
3600.00;3900.00;1764.00;26.25;E0_0_1100m;5.00;147;147;9.33;26.32
3600.00;3900.00;2052.00;27.67;E0_1_1100m;5.00;171;171;10.30;27.83
3600.00;3900.00;1728.00;26.17;E0_0_1200m;5.00;144;144;9.17;26.24
3600.00;3900.00;2064.00;27.65;E0_1_1200m;5.00;172;172;10.36;27.80
3600.00;3900.00;1692.00;26.24;E0_0_1300m;5.00;141;141;8.96;26.30
3600.00;3900.00;2052.00;27.64;E0_1_1300m;5.00;171;172;10.36;27.78
3600.00;3900.00;1668.00;26.29;E0_0_1400m;5.00;139;139;8.81;26.36
3600.00;3900.00;2052.00;27.63;E0_1_1400m;5.00;171;171;10.31;27.77
3600.00;3900.00;1656.00;26.25;E0_0_1500m;5.00;138;138;8.76;26.32
3600.00;3900.00;2052.00;27.61;E0_1_1500m;5.00;171;171;10.32;27.74
3600.00;3900.00;1680.00;26.18;E0_0_1600m;5.00;140;140;8.91;26.26
3600.00;3900.00;2076.00;27.60;E0_1_1600m;5.00;173;173;10.45;27.74
3600.00;3900.00;1656.00;26.17;E0_0_1700m;5.00;138;138;8.85;26.25
3600.00;3900.00;2076.00;27.74;E0_1_1700m;5.00;173;172;10.36;27.91
3600.00;3900.00;1668.00;26.16;E0_0_1800m;5.00;139;140;8.90;26.24
3600.00;3900.00;2052.00;27.77;E0_1_1800m;5.00;171;171;10.26;27.92
3600.00;3900.00;1644.00;26.06;E0_0_1900m;5.00;137;137;8.76;26.14
3600.00;3900.00;2040.00;27.84;E0_1_1900m;5.00;170;170;10.18;27.99
3600.00;3900.00;1620.00;26.08;E0_0_2000m;5.00;135;135;8.63;26.16
3600.00;3900.00;2028.00;27.87;E0_1_2000m;5.00;169;169;10.10;28.02
3600.00;3900.00;1584.00;26.07;E0_0_2100m;5.00;132;132;8.44;26.15
3600.00;3900.00;1992.00;27.98;E0_1_2100m;5.00;166;166;9.89;28.11
3600.00;3900.00;1572.00;26.07;E0_0_2200m;5.00;131;131;8.37;26.14
3600.00;3900.00;2016.00;28.15;E0_1_2200m;5.00;168;169;9.96;28.28
3600.00;3900.00;1560.00;26.00;E0_0_2300m;5.00;130;130;8.33;26.07
3600.00;3900.00;2004.00;28.37;E0_1_2300m;5.00;167;168;9.85;28.50
3600.00;3900.00;1596.00;26.03;E0_0_2400m;5.00;133;133;8.52;26.09
3600.00;3900.00;2004.00;28.19;E0_1_2400m;5.00;167;166;9.83;28.34
3600.00;3900.00;1620.00;25.70;E0_0_2500m;5.00;135;135;8.75;25.79
3600.00;3900.00;2028.00;27.52;E0_1_2500m;5.00;169;169;10.24;27.69
3600.00;3900.00;1644.00;24.98;E0_0_2600m;5.00;137;136;9.14;25.13
3600.00;3900.00;2052.00;26.37;E0_1_2600m;5.00;171;171;10.81;26.61
3600.00;3900.00;1668.00;23.79;E0_0_2700m;5.00;139;139;9.74;24.08
3600.00;3900.00;2064.00;24.83;E0_1_2700m;5.00;172;172;11.55;25.16
3600.00;3900.00;1656.00;21.86;E0_0_2800m;5.00;138;137;10.44;22.22
3600.00;3900.00;2100.00;22.91;E0_1_2800m;5.00;175;175;12.73;23.33
3600.00;3900.00;1644.00;19.84;E0_0_2900m;5.00;137;137;11.51;20.11
3600.00;3900.00;2136.00;20.81;E0_1_2900m;5.00;178;178;14.25;21.20
3600.00;3900.00;1704.00;17.93;E0_0_3000m;5.00;142;142;13.20;18.22
3600.00;3900.00;2148.00;18.91;E0_1_3000m;5.00;179;181;15.93;19.19
3600.00;3900.00;1812.00;17.47;E0_0_3100m;5.00;151;150;14.40;17.53
3600.00;3900.00;2100.00;18.49;E0_1_3100m;5.00;175;175;15.77;18.69
3600.00;3900.00;1848.00;17.57;E0_0_3200m;5.00;154;153;14.51;17.60
3600.00;3900.00;2076.00;18.44;E0_1_3200m;5.00;173;173;15.64;18.60
3600.00;3900.00;1872.00;17.68;E0_0_3300m;5.00;156;156;14.71;17.69
3600.00;3900.00;2064.00;18.44;E0_1_3300m;5.00;172;172;15.54;18.56
3600.00;3900.00;1908.00;17.65;E0_0_3400m;5.00;159;159;15.02;17.66
3600.00;3900.00;2040.00;18.37;E0_1_3400m;5.00;170;169;15.34;18.46
3600.00;3900.00;1920.00;17.54;E0_0_3500m;5.00;160;159;15.17;17.55
3600.00;3900.00;2028.00;18.20;E0_1_3500m;5.00;169;170;15.53;18.28
3600.00;3900.00;1908.00;17.54;E0_0_3600m;5.00;159;159;15.11;17.56
3600.00;3900.00;2040.00;18.10;E0_1_3600m;5.00;170;169;15.59;18.16
3600.00;3900.00;1896.00;17.52;E0_0_3700m;5.00;158;158;15.03;17.54
3600.00;3900.00;2016.00;18.03;E0_1_3700m;5.00;168;168;15.53;18.08
3600.00;3900.00;1884.00;17.52;E0_0_3800m;5.00;157;157;14.94;17.53
3600.00;3900.00;2016.00;17.99;E0_1_3800m;5.00;168;169;15.64;18.02
3600.00;3900.00;1884.00;17.65;E0_0_3900m;5.00;157;158;14.89;17.66
3600.00;3900.00;1992.00;18.11;E0_1_3900m;5.00;166;166;15.28;18.15
3600.00;3900.00;1836.00;19.47;E0_0_4000m;5.00;153;153;13.10;19.61
3600.00;3900.00;2016.00;20.79;E0_1_4000m;5.00;168;168;13.47;21.10
3600.00;3900.00;1740.00;26.43;E0_0_4100m;5.00;145;146;9.21;26.53
3600.00;3900.00;2100.00;27.39;E0_1_4100m;5.00;175;176;10.66;27.53
3600.00;3900.00;1776.00;27.11;E0_0_4200m;5.00;148;148;9.10;27.27
3600.00;3900.00;2064.00;28.55;E0_1_4200m;5.00;172;173;10.04;28.71
3600.00;3900.00;1740.00;27.14;E0_0_4300m;5.00;145;145;8.90;27.28
3600.00;3900.00;2100.00;28.61;E0_1_4300m;5.00;175;175;10.20;28.79
3600.00;3900.00;1752.00;26.91;E0_0_4400m;5.00;146;146;9.04;27.04
3600.00;3900.00;2064.00;28.64;E0_1_4400m;5.00;172;172;10.01;28.82
3600.00;3900.00;1740.00;26.65;E0_0_4500m;5.00;145;145;9.07;26.79
3600.00;3900.00;2040.00;28.69;E0_1_4500m;5.00;170;170;9.87;28.88
3600.00;3900.00;1740.00;26.34;E0_0_4600m;5.00;145;145;9.18;26.49
3600.00;3900.00;2028.00;28.77;E0_1_4600m;5.00;169;168;9.78;28.97
3600.00;3900.00;1752.00;26.01;E0_0_4700m;5.00;146;146;9.35;26.18
3600.00;3900.00;2004.00;28.87;E0_1_4700m;5.00;167;167;9.64;29.06
3600.00;3900.00;1740.00;25.73;E0_0_4800m;5.00;145;145;9.39;25.94
3600.00;3900.00;2004.00;28.98;E0_1_4800m;5.00;167;168;9.61;29.15
3600.00;3900.00;1740.00;25.58;E0_0_4900m;5.00;145;145;9.45;25.77
3600.00;3900.00;1980.00;29.00;E0_1_4900m;5.00;165;165;9.48;29.18
3600.00;3900.00;1704.00;25.37;E0_0_5000m;5.00;142;143;9.35;25.57
3600.00;3900.00;1992.00;28.96;E0_1_5000m;5.00;166;166;9.55;29.14
3900.00;4200.00;0.00;-1.00;E0_0_0m;-1.00;0;0;0.00;-1.00
3900.00;4200.00;0.00;-1.00;E0_1_0m;-1.00;0;0;0.00;-1.00
3900.00;4200.00;1764.00;26.05;E0_0_100m;5.00;147;148;9.46;26.26
3900.00;4200.00;2172.00;26.94;E0_1_100m;5.00;181;180;11.15;27.19
3900.00;4200.00;1800.00;26.30;E0_0_200m;5.00;150;151;9.53;26.52
3900.00;4200.00;2124.00;27.20;E0_1_200m;5.00;177;177;10.85;27.52
3900.00;4200.00;1788.00;26.47;E0_0_300m;5.00;149;150;9.40;26.65
3900.00;4200.00;2124.00;27.22;E0_1_300m;5.00;177;177;10.84;27.52
3900.00;4200.00;1728.00;26.45;E0_0_400m;5.00;144;144;9.07;26.61
3900.00;4200.00;2160.00;27.43;E0_1_400m;5.00;180;179;10.89;27.69
3900.00;4200.00;1692.00;26.53;E0_0_500m;5.00;141;141;8.86;26.66
3900.00;4200.00;2148.00;27.50;E0_1_500m;5.00;179;179;10.85;27.71
3900.00;4200.00;1692.00;26.50;E0_0_600m;5.00;141;141;8.87;26.61
3900.00;4200.00;2112.00;27.61;E0_1_600m;5.00;176;176;10.62;27.79
3900.00;4200.00;1704.00;26.32;E0_0_700m;5.00;142;142;8.99;26.44
3900.00;4200.00;2112.00;27.65;E0_1_700m;5.00;176;175;10.57;27.84
3900.00;4200.00;1716.00;26.22;E0_0_800m;5.00;143;143;9.09;26.35
3900.00;4200.00;2088.00;27.65;E0_1_800m;5.00;174;174;10.49;27.83
3900.00;4200.00;1692.00;26.25;E0_0_900m;5.00;141;141;8.95;26.37
3900.00;4200.00;2112.00;27.64;E0_1_900m;5.00;176;176;10.61;27.79
3900.00;4200.00;1716.00;26.17;E0_0_1000m;5.00;143;143;9.11;26.28
3900.00;4200.00;2136.00;27.53;E0_1_1000m;5.00;178;178;10.78;27.68
3900.00;4200.00;1764.00;25.96;E0_0_1100m;5.00;147;147;9.44;26.07
3900.00;4200.00;2160.00;27.32;E0_1_1100m;5.00;180;180;10.98;27.47
3900.00;4200.00;1728.00;25.78;E0_0_1200m;5.00;144;144;9.31;25.89
3900.00;4200.00;2184.00;27.10;E0_1_1200m;5.00;182;181;11.19;27.25
3900.00;4200.00;1764.00;25.63;E0_0_1300m;5.00;147;147;9.56;25.75
3900.00;4200.00;2172.00;26.87;E0_1_1300m;5.00;181;180;11.17;27.02
3900.00;4200.00;1788.00;25.59;E0_0_1400m;5.00;149;149;9.70;25.69
3900.00;4200.00;2160.00;26.67;E0_1_1400m;5.00;180;180;11.25;26.82
3900.00;4200.00;1764.00;25.63;E0_0_1500m;5.00;147;147;9.56;25.73
3900.00;4200.00;2184.00;26.52;E0_1_1500m;5.00;182;183;11.46;26.67
3900.00;4200.00;1752.00;25.62;E0_0_1600m;5.00;146;146;9.50;25.73
3900.00;4200.00;2148.00;26.46;E0_1_1600m;5.00;179;179;11.27;26.62
3900.00;4200.00;1752.00;25.47;E0_0_1700m;5.00;146;146;9.55;25.59
3900.00;4200.00;2148.00;26.39;E0_1_1700m;5.00;179;179;11.30;26.54
3900.00;4200.00;1764.00;25.46;E0_0_1800m;5.00;147;146;9.58;25.57
3900.00;4200.00;2136.00;26.35;E0_1_1800m;5.00;178;178;11.26;26.50
3900.00;4200.00;1752.00;25.56;E0_0_1900m;5.00;146;146;9.52;25.65
3900.00;4200.00;2136.00;26.35;E0_1_1900m;5.00;178;178;11.26;26.50
3900.00;4200.00;1764.00;25.65;E0_0_2000m;5.00;147;147;9.55;25.73
3900.00;4200.00;2124.00;26.35;E0_1_2000m;5.00;177;177;11.20;26.50
3900.00;4200.00;1776.00;25.68;E0_0_2100m;5.00;148;148;9.60;25.75
3900.00;4200.00;2112.00;26.32;E0_1_2100m;5.00;176;176;11.14;26.46
3900.00;4200.00;1788.00;25.65;E0_0_2200m;5.00;149;149;9.68;25.71
3900.00;4200.00;2088.00;26.27;E0_1_2200m;5.00;174;175;11.10;26.38
3900.00;4200.00;1788.00;25.55;E0_0_2300m;5.00;149;149;9.72;25.60
3900.00;4200.00;2148.00;26.09;E0_1_2300m;5.00;179;178;11.40;26.19
3900.00;4200.00;1788.00;25.42;E0_0_2400m;5.00;149;149;9.77;25.47
3900.00;4200.00;2148.00;25.90;E0_1_2400m;5.00;179;179;11.52;26.01
3900.00;4200.00;1788.00;25.08;E0_0_2500m;5.00;149;149;9.90;25.16
3900.00;4200.00;2148.00;25.63;E0_1_2500m;5.00;179;179;11.64;25.77
3900.00;4200.00;1800.00;24.55;E0_0_2600m;5.00;150;150;10.18;24.70
3900.00;4200.00;2136.00;25.19;E0_1_2600m;5.00;178;178;11.78;25.39
3900.00;4200.00;1764.00;23.73;E0_0_2700m;5.00;147;147;10.32;23.99
3900.00;4200.00;2148.00;24.43;E0_1_2700m;5.00;179;179;12.21;24.71
3900.00;4200.00;1764.00;22.50;E0_0_2800m;5.00;147;147;10.89;22.84
3900.00;4200.00;2160.00;23.14;E0_1_2800m;5.00;180;181;12.97;23.47
3900.00;4200.00;1752.00;20.72;E0_0_2900m;5.00;146;146;11.75;21.06
3900.00;4200.00;2148.00;21.34;E0_1_2900m;5.00;179;180;14.02;21.68
3900.00;4200.00;1752.00;18.19;E0_0_3000m;5.00;146;146;13.38;18.31
3900.00;4200.00;2100.00;19.10;E0_1_3000m;5.00;175;175;15.27;19.34
3900.00;4200.00;1764.00;17.81;E0_0_3100m;5.00;147;147;13.75;17.85
3900.00;4200.00;2064.00;18.54;E0_1_3100m;5.00;172;172;15.46;18.66
3900.00;4200.00;1788.00;17.84;E0_0_3200m;5.00;149;149;13.92;17.86
3900.00;4200.00;2076.00;18.35;E0_1_3200m;5.00;173;173;15.71;18.43
3900.00;4200.00;1812.00;17.87;E0_0_3300m;5.00;151;151;14.08;17.89
3900.00;4200.00;2064.00;18.24;E0_1_3300m;5.00;172;172;15.72;18.33
3900.00;4200.00;1812.00;17.88;E0_0_3400m;5.00;151;151;14.08;17.89
3900.00;4200.00;2052.00;18.15;E0_1_3400m;5.00;171;171;15.70;18.25
3900.00;4200.00;1824.00;17.80;E0_0_3500m;5.00;152;152;14.23;17.82
3900.00;4200.00;2052.00;18.05;E0_1_3500m;5.00;171;171;15.80;18.11
3900.00;4200.00;1812.00;17.78;E0_0_3600m;5.00;151;152;14.21;17.78
3900.00;4200.00;2052.00;17.99;E0_1_3600m;5.00;171;171;15.84;18.02
3900.00;4200.00;1848.00;17.67;E0_0_3700m;5.00;154;154;14.53;17.70
3900.00;4200.00;2052.00;18.06;E0_1_3700m;5.00;171;172;15.79;18.09
3900.00;4200.00;1872.00;17.79;E0_0_3800m;5.00;156;156;14.61;17.80
3900.00;4200.00;2004.00;18.04;E0_1_3800m;5.00;167;167;15.40;18.06
3900.00;4200.00;1848.00;17.84;E0_0_3900m;5.00;154;153;14.32;17.85
3900.00;4200.00;2028.00;18.28;E0_1_3900m;5.00;169;169;15.40;18.34
3900.00;4200.00;1824.00;19.37;E0_0_4000m;5.00;152;153;13.14;19.51
3900.00;4200.00;2052.00;21.08;E0_1_4000m;5.00;171;171;13.52;21.40
3900.00;4200.00;1776.00;26.11;E0_0_4100m;5.00;148;149;9.45;26.23
3900.00;4200.00;2100.00;27.12;E0_1_4100m;5.00;175;174;10.74;27.21
3900.00;4200.00;1764.00;26.58;E0_0_4200m;5.00;147;147;9.22;26.74
3900.00;4200.00;2112.00;28.00;E0_1_4200m;5.00;176;177;10.50;28.17
3900.00;4200.00;1776.00;26.49;E0_0_4300m;5.00;148;148;9.31;26.62
3900.00;4200.00;2124.00;27.87;E0_1_4300m;5.00;177;177;10.58;28.04
3900.00;4200.00;1764.00;26.23;E0_0_4400m;5.00;147;147;9.34;26.33
3900.00;4200.00;2148.00;27.49;E0_1_4400m;5.00;179;179;10.85;27.62
3900.00;4200.00;1728.00;25.93;E0_0_4500m;5.00;144;145;9.29;26.01
3900.00;4200.00;2148.00;27.36;E0_1_4500m;5.00;179;180;10.93;27.49
3900.00;4200.00;1704.00;25.96;E0_0_4600m;5.00;142;143;9.12;26.03
3900.00;4200.00;2148.00;27.28;E0_1_4600m;5.00;179;179;10.94;27.42
3900.00;4200.00;1704.00;26.00;E0_0_4700m;5.00;142;142;9.10;26.06
3900.00;4200.00;2172.00;27.13;E0_1_4700m;5.00;181;181;11.12;27.27
3900.00;4200.00;1716.00;25.92;E0_0_4800m;5.00;143;143;9.19;25.98
3900.00;4200.00;2184.00;27.06;E0_1_4800m;5.00;182;182;11.21;27.20
3900.00;4200.00;1728.00;25.80;E0_0_4900m;5.00;144;144;9.30;25.86
3900.00;4200.00;2172.00;26.97;E0_1_4900m;5.00;181;181;11.19;27.11
3900.00;4200.00;1716.00;25.67;E0_0_5000m;5.00;143;143;9.29;25.72
3900.00;4200.00;2172.00;26.84;E0_1_5000m;5.00;181;181;11.24;26.98
4200.00;4500.00;0.00;-1.00;E0_0_0m;-1.00;0;0;0.00;-1.00
4200.00;4500.00;0.00;-1.00;E0_1_0m;-1.00;0;0;0.00;-1.00
4200.00;4500.00;1728.00;24.74;E0_0_100m;5.00;144;144;9.70;24.92
4200.00;4500.00;2232.00;26.19;E0_1_100m;5.00;186;186;11.84;26.36
4200.00;4500.00;1680.00;25.15;E0_0_200m;5.00;140;140;9.26;25.34
4200.00;4500.00;2280.00;27.04;E0_1_200m;5.00;190;190;11.71;27.28
4200.00;4500.00;1692.00;25.09;E0_0_300m;5.00;141;140;9.34;25.29
4200.00;4500.00;2256.00;26.87;E0_1_300m;5.00;188;188;11.66;27.11
4200.00;4500.00;1704.00;24.77;E0_0_400m;5.00;142;142;9.56;24.98
4200.00;4500.00;2244.00;26.61;E0_1_400m;5.00;187;188;11.72;26.87
4200.00;4500.00;1680.00;24.48;E0_0_500m;5.00;140;140;9.53;24.73
4200.00;4500.00;2268.00;26.32;E0_1_500m;5.00;189;189;11.97;26.61
4200.00;4500.00;1668.00;24.30;E0_0_600m;5.00;139;139;9.53;24.58
4200.00;4500.00;2292.00;26.05;E0_1_600m;5.00;191;191;12.22;26.38
4200.00;4500.00;1680.00;24.14;E0_0_700m;5.00;140;140;9.66;24.45
4200.00;4500.00;2268.00;25.86;E0_1_700m;5.00;189;189;12.18;26.25
4200.00;4500.00;1644.00;23.94;E0_0_800m;5.00;137;137;9.54;24.27
4200.00;4500.00;2280.00;25.62;E0_1_800m;5.00;190;190;12.36;26.04
4200.00;4500.00;1632.00;23.76;E0_0_900m;5.00;136;137;9.59;24.10
4200.00;4500.00;2256.00;25.37;E0_1_900m;5.00;188;188;12.35;25.83
4200.00;4500.00;1584.00;23.70;E0_0_1000m;5.00;132;132;9.28;24.04
4200.00;4500.00;2232.00;25.37;E0_1_1000m;5.00;186;186;12.22;25.88
4200.00;4500.00;1560.00;23.58;E0_0_1100m;5.00;130;130;9.19;23.90
4200.00;4500.00;2184.00;25.50;E0_1_1100m;5.00;182;182;11.89;26.04
4200.00;4500.00;1584.00;23.37;E0_0_1200m;5.00;132;132;9.42;23.65
4200.00;4500.00;2148.00;25.75;E0_1_1200m;5.00;179;179;11.59;26.31
4200.00;4500.00;1596.00;23.20;E0_0_1300m;5.00;133;133;9.55;23.47
4200.00;4500.00;2112.00;25.85;E0_1_1300m;5.00;176;176;11.35;26.41
4200.00;4500.00;1584.00;23.15;E0_0_1400m;5.00;132;133;9.52;23.41
4200.00;4500.00;2076.00;25.91;E0_1_1400m;5.00;173;173;11.13;26.44
4200.00;4500.00;1548.00;22.99;E0_0_1500m;5.00;129;129;9.35;23.23
4200.00;4500.00;2076.00;25.74;E0_1_1500m;5.00;173;172;11.18;26.27
4200.00;4500.00;1524.00;22.77;E0_0_1600m;5.00;127;128;9.31;23.02
4200.00;4500.00;2076.00;25.58;E0_1_1600m;5.00;173;173;11.27;26.11
4200.00;4500.00;1560.00;22.69;E0_0_1700m;5.00;130;130;9.55;22.91
4200.00;4500.00;2100.00;25.36;E0_1_1700m;5.00;175;175;11.50;25.93
4200.00;4500.00;1572.00;22.72;E0_0_1800m;5.00;131;131;9.61;22.91
4200.00;4500.00;2160.00;25.08;E0_1_1800m;5.00;180;180;11.96;25.63
4200.00;4500.00;1620.00;22.66;E0_0_1900m;5.00;135;135;9.93;22.85
4200.00;4500.00;2184.00;24.80;E0_1_1900m;5.00;182;182;12.23;25.32
4200.00;4500.00;1632.00;22.47;E0_0_2000m;5.00;136;136;10.09;22.63
4200.00;4500.00;2232.00;24.47;E0_1_2000m;5.00;186;186;12.67;24.96
4200.00;4500.00;1632.00;22.27;E0_0_2100m;5.00;136;136;10.18;22.44
4200.00;4500.00;2232.00;23.90;E0_1_2100m;5.00;186;186;12.97;24.34
4200.00;4500.00;1656.00;21.64;E0_0_2200m;5.00;138;138;10.63;21.84
4200.00;4500.00;2256.00;23.12;E0_1_2200m;5.00;188;187;13.50;23.46
4200.00;4500.00;1656.00;20.95;E0_0_2300m;5.00;138;138;10.98;21.12
4200.00;4500.00;2208.00;22.01;E0_1_2300m;5.00;184;184;13.93;22.26
4200.00;4500.00;1644.00;20.15;E0_0_2400m;5.00;137;137;11.33;20.35
4200.00;4500.00;2148.00;20.74;E0_1_2400m;5.00;179;179;14.39;21.00
4200.00;4500.00;1620.00;19.31;E0_0_2500m;5.00;135;135;11.65;19.57
4200.00;4500.00;2100.00;19.45;E0_1_2500m;5.00;175;175;14.99;19.78
4200.00;4500.00;1608.00;18.46;E0_0_2600m;5.00;134;134;12.10;18.80
4200.00;4500.00;2064.00;18.50;E0_1_2600m;5.00;172;172;15.49;18.95
4200.00;4500.00;1656.00;18.01;E0_0_2700m;5.00;138;138;12.77;18.33
4200.00;4500.00;2016.00;17.21;E0_1_2700m;5.00;168;168;16.27;17.76
4200.00;4500.00;1668.00;17.36;E0_0_2800m;5.00;139;139;13.34;17.60
4200.00;4500.00;1992.00;15.96;E0_1_2800m;5.00;166;166;17.34;16.49
4200.00;4500.00;1680.00;16.38;E0_0_2900m;5.00;140;140;14.25;16.57
4200.00;4500.00;1968.00;15.04;E0_1_2900m;5.00;164;164;18.23;15.45
4200.00;4500.00;1704.00;14.15;E0_0_3000m;5.00;142;142;16.72;14.24
4200.00;4500.00;1944.00;13.85;E0_1_3000m;5.00;162;162;19.49;14.00
4200.00;4500.00;1740.00;13.66;E0_0_3100m;5.00;145;145;17.69;13.72
4200.00;4500.00;1860.00;13.59;E0_1_3100m;5.00;155;155;19.01;13.71
4200.00;4500.00;1728.00;13.53;E0_0_3200m;5.00;144;144;17.74;13.57
4200.00;4500.00;1812.00;13.58;E0_1_3200m;5.00;151;151;18.54;13.72
4200.00;4500.00;1692.00;13.49;E0_0_3300m;5.00;141;141;17.43;13.52
4200.00;4500.00;1788.00;13.59;E0_1_3300m;5.00;149;150;18.35;13.71
4200.00;4500.00;1692.00;13.43;E0_0_3400m;5.00;141;141;17.50;13.44
4200.00;4500.00;1812.00;13.63;E0_1_3400m;5.00;151;151;18.47;13.72
4200.00;4500.00;1668.00;13.43;E0_0_3500m;5.00;139;140;17.29;13.43
4200.00;4500.00;1812.00;13.65;E0_1_3500m;5.00;151;150;18.37;13.73
4200.00;4500.00;1680.00;13.45;E0_0_3600m;5.00;140;139;17.30;13.46
4200.00;4500.00;1788.00;13.58;E0_1_3600m;5.00;149;150;18.30;13.61
4200.00;4500.00;1680.00;13.44;E0_0_3700m;5.00;140;140;17.36;13.45
4200.00;4500.00;1752.00;13.53;E0_1_3700m;5.00;146;145;17.98;13.56
4200.00;4500.00;1644.00;13.44;E0_0_3800m;5.00;137;137;16.99;13.44
4200.00;4500.00;1740.00;13.51;E0_1_3800m;5.00;145;145;17.91;13.54
4200.00;4500.00;1656.00;13.43;E0_0_3900m;5.00;138;138;17.13;13.43
4200.00;4500.00;1728.00;13.68;E0_1_3900m;5.00;144;144;17.54;13.81
4200.00;4500.00;1716.00;15.32;E0_0_4000m;5.00;143;142;15.49;15.55
4200.00;4500.00;1668.00;16.35;E0_1_4000m;5.00;139;140;14.22;16.94
4200.00;4500.00;1644.00;25.33;E0_0_4100m;5.00;137;136;9.01;25.40
4200.00;4500.00;1716.00;26.12;E0_1_4100m;5.00;143;145;9.14;26.18
4200.00;4500.00;1572.00;27.21;E0_0_4200m;5.00;131;131;8.02;27.36
4200.00;4500.00;1800.00;28.77;E0_1_4200m;5.00;150;150;8.69;28.91
4200.00;4500.00;1560.00;27.43;E0_0_4300m;5.00;130;130;7.90;27.60
4200.00;4500.00;1788.00;28.96;E0_1_4300m;5.00;149;149;8.57;29.13
4200.00;4500.00;1500.00;27.25;E0_0_4400m;5.00;125;126;7.66;27.40
4200.00;4500.00;1836.00;28.91;E0_1_4400m;5.00;153;153;8.82;29.06
4200.00;4500.00;1536.00;27.11;E0_0_4500m;5.00;128;128;7.87;27.25
4200.00;4500.00;1824.00;28.69;E0_1_4500m;5.00;152;152;8.81;28.83
4200.00;4500.00;1548.00;26.93;E0_0_4600m;5.00;129;128;7.97;27.06
4200.00;4500.00;1824.00;28.51;E0_1_4600m;5.00;152;152;8.88;28.64
4200.00;4500.00;1548.00;26.94;E0_0_4700m;5.00;129;131;8.07;27.07
4200.00;4500.00;1812.00;28.44;E0_1_4700m;5.00;151;151;8.85;28.62
4200.00;4500.00;1500.00;26.92;E0_0_4800m;5.00;125;126;7.78;27.06
4200.00;4500.00;1836.00;28.35;E0_1_4800m;5.00;153;153;8.99;28.50
4200.00;4500.00;1512.00;26.84;E0_0_4900m;5.00;126;126;7.82;26.96
4200.00;4500.00;1836.00;28.27;E0_1_4900m;5.00;153;153;9.02;28.41
4200.00;4500.00;1524.00;26.70;E0_0_5000m;5.00;127;127;7.93;26.81
4200.00;4500.00;1836.00;28.16;E0_1_5000m;5.00;153;153;9.05;28.30
4500.00;4800.00;0.00;-1.00;E0_0_0m;-1.00;0;0;0.00;-1.00
4500.00;4800.00;0.00;-1.00;E0_1_0m;-1.00;0;0;0.00;-1.00
4500.00;4800.00;1872.00;24.72;E0_0_100m;5.00;156;156;10.52;24.90
4500.00;4800.00;2172.00;26.36;E0_1_100m;5.00;181;181;11.44;26.47
4500.00;4800.00;1860.00;25.36;E0_0_200m;5.00;155;155;10.19;25.58
4500.00;4800.00;2208.00;27.95;E0_1_200m;5.00;184;184;10.97;28.13
4500.00;4800.00;1896.00;25.41;E0_0_300m;5.00;158;158;10.36;25.58
4500.00;4800.00;2196.00;28.13;E0_1_300m;5.00;183;183;10.84;28.28
4500.00;4800.00;1872.00;25.29;E0_0_400m;5.00;156;156;10.28;25.44
4500.00;4800.00;2232.00;27.81;E0_1_400m;5.00;186;186;11.18;27.97
4500.00;4800.00;1860.00;25.06;E0_0_500m;5.00;155;155;10.31;25.22
4500.00;4800.00;2268.00;27.56;E0_1_500m;5.00;189;189;11.43;27.73
4500.00;4800.00;1884.00;24.86;E0_0_600m;5.00;157;157;10.53;25.03
4500.00;4800.00;2256.00;27.35;E0_1_600m;5.00;188;189;11.52;27.53
4500.00;4800.00;1884.00;24.61;E0_0_700m;5.00;157;158;10.65;24.79
4500.00;4800.00;2292.00;27.13;E0_1_700m;5.00;191;191;11.74;27.35
4500.00;4800.00;1908.00;24.49;E0_0_800m;5.00;159;159;10.82;24.70
4500.00;4800.00;2328.00;26.87;E0_1_800m;5.00;194;194;12.03;27.10
4500.00;4800.00;1932.00;24.24;E0_0_900m;5.00;161;160;11.02;24.45
4500.00;4800.00;2340.00;26.50;E0_1_900m;5.00;195;195;12.27;26.77
4500.00;4800.00;1932.00;24.03;E0_0_1000m;5.00;161;161;11.16;24.23
4500.00;4800.00;2340.00;25.95;E0_1_1000m;5.00;195;195;12.52;26.25
4500.00;4800.00;1956.00;23.71;E0_0_1100m;5.00;163;163;11.46;23.92
4500.00;4800.00;2364.00;25.42;E0_1_1100m;5.00;197;197;12.91;25.74
4500.00;4800.00;1956.00;23.21;E0_0_1200m;5.00;163;163;11.71;23.45
4500.00;4800.00;2400.00;24.79;E0_1_1200m;5.00;200;200;13.45;25.10
4500.00;4800.00;1980.00;22.67;E0_0_1300m;5.00;165;165;12.13;22.90
4500.00;4800.00;2388.00;24.10;E0_1_1300m;5.00;199;199;13.76;24.40
4500.00;4800.00;2052.00;22.30;E0_0_1400m;5.00;171;170;12.76;22.51
4500.00;4800.00;2376.00;23.30;E0_1_1400m;5.00;198;198;14.16;23.54
4500.00;4800.00;2052.00;21.91;E0_0_1500m;5.00;171;171;13.01;22.09
4500.00;4800.00;2388.00;22.50;E0_1_1500m;5.00;199;200;14.74;22.69
4500.00;4800.00;2076.00;21.45;E0_0_1600m;5.00;173;172;13.43;21.63
4500.00;4800.00;2400.00;21.74;E0_1_1600m;5.00;200;200;15.33;21.92
4500.00;4800.00;2064.00;20.82;E0_0_1700m;5.00;172;172;13.77;21.01
4500.00;4800.00;2376.00;21.00;E0_1_1700m;5.00;198;198;15.71;21.18
4500.00;4800.00;2028.00;20.00;E0_0_1800m;5.00;169;169;14.08;20.14
4500.00;4800.00;2352.00;20.26;E0_1_1800m;5.00;196;196;16.12;20.40
4500.00;4800.00;1992.00;19.10;E0_0_1900m;5.00;166;166;14.48;19.23
4500.00;4800.00;2316.00;19.52;E0_1_1900m;5.00;193;193;16.48;19.61
4500.00;4800.00;1992.00;18.56;E0_0_2000m;5.00;166;166;14.90;18.75
4500.00;4800.00;2268.00;18.94;E0_1_2000m;5.00;189;189;16.63;19.08
4500.00;4800.00;1992.00;18.30;E0_0_2100m;5.00;166;166;15.11;18.51
4500.00;4800.00;2244.00;18.21;E0_1_2100m;5.00;187;187;17.12;18.53
4500.00;4800.00;1980.00;18.02;E0_0_2200m;5.00;165;165;15.26;18.23
4500.00;4800.00;2196.00;17.65;E0_1_2200m;5.00;183;183;17.28;18.12
4500.00;4800.00;1932.00;17.87;E0_0_2300m;5.00;161;162;15.07;18.06
4500.00;4800.00;2184.00;17.07;E0_1_2300m;5.00;182;183;17.82;17.62
4500.00;4800.00;1944.00;17.66;E0_0_2400m;5.00;162;162;15.29;17.84
4500.00;4800.00;2160.00;16.65;E0_1_2400m;5.00;180;181;18.04;17.17
4500.00;4800.00;1956.00;17.39;E0_0_2500m;5.00;163;164;15.63;17.54
4500.00;4800.00;2136.00;16.17;E0_1_2500m;5.00;178;179;18.47;16.65
4500.00;4800.00;1968.00;17.16;E0_0_2600m;5.00;164;165;15.95;17.28
4500.00;4800.00;2124.00;15.61;E0_1_2600m;5.00;177;177;18.90;16.02
4500.00;4800.00;1968.00;16.72;E0_0_2700m;5.00;164;164;16.35;16.82
4500.00;4800.00;2100.00;15.07;E0_1_2700m;5.00;175;175;19.36;15.38
4500.00;4800.00;1956.00;15.87;E0_0_2800m;5.00;163;163;17.11;16.00
4500.00;4800.00;2076.00;14.45;E0_1_2800m;5.00;173;173;19.97;14.66
4500.00;4800.00;1944.00;14.92;E0_0_2900m;5.00;162;162;18.10;15.05
4500.00;4800.00;2076.00;13.88;E0_1_2900m;5.00;173;172;20.67;14.00
4500.00;4800.00;1920.00;13.78;E0_0_3000m;5.00;160;160;19.35;13.82
4500.00;4800.00;2076.00;13.46;E0_1_3000m;5.00;173;173;21.42;13.49
4500.00;4800.00;1956.00;13.53;E0_0_3100m;5.00;163;163;20.08;13.55
4500.00;4800.00;2028.00;13.34;E0_1_3100m;5.00;169;169;21.12;13.34
4500.00;4800.00;1944.00;13.45;E0_0_3200m;5.00;162;162;20.07;13.47
4500.00;4800.00;2028.00;13.36;E0_1_3200m;5.00;169;170;21.12;13.36
4500.00;4800.00;1944.00;13.41;E0_0_3300m;5.00;162;162;20.13;13.41
4500.00;4800.00;2052.00;13.40;E0_1_3300m;5.00;171;170;21.19;13.41
4500.00;4800.00;1920.00;13.41;E0_0_3400m;5.00;160;160;19.89;13.41
4500.00;4800.00;2028.00;13.40;E0_1_3400m;5.00;169;170;21.07;13.41
4500.00;4800.00;1920.00;13.40;E0_0_3500m;5.00;160;160;19.90;13.40
4500.00;4800.00;2028.00;13.38;E0_1_3500m;5.00;169;169;21.06;13.38
4500.00;4800.00;1896.00;13.40;E0_0_3600m;5.00;158;158;19.65;13.40
4500.00;4800.00;2028.00;13.37;E0_1_3600m;5.00;169;169;21.11;13.37
4500.00;4800.00;1884.00;13.40;E0_0_3700m;5.00;157;157;19.52;13.40
4500.00;4800.00;2028.00;13.37;E0_1_3700m;5.00;169;169;21.07;13.37
4500.00;4800.00;1896.00;13.41;E0_0_3800m;5.00;158;158;19.64;13.41
4500.00;4800.00;2016.00;13.37;E0_1_3800m;5.00;168;168;20.91;13.37
4500.00;4800.00;1884.00;13.42;E0_0_3900m;5.00;157;157;19.50;13.42
4500.00;4800.00;2016.00;13.43;E0_1_3900m;5.00;168;168;20.84;13.44
4500.00;4800.00;1860.00;15.37;E0_0_4000m;5.00;155;156;16.82;15.58
4500.00;4800.00;2004.00;15.81;E0_1_4000m;5.00;167;167;17.60;16.16
4500.00;4800.00;1860.00;25.18;E0_0_4100m;5.00;155;155;10.26;25.27
4500.00;4800.00;2028.00;25.93;E0_1_4100m;5.00;169;169;10.91;25.99
4500.00;4800.00;1800.00;26.95;E0_0_4200m;5.00;150;150;9.28;27.15
4500.00;4800.00;2076.00;29.14;E0_1_4200m;5.00;173;173;9.89;29.30
4500.00;4800.00;1728.00;27.03;E0_0_4300m;5.00;144;144;8.88;27.27
4500.00;4800.00;2148.00;29.40;E0_1_4300m;5.00;179;179;10.15;29.57
4500.00;4800.00;1740.00;26.89;E0_0_4400m;5.00;145;144;8.97;27.13
4500.00;4800.00;2124.00;29.47;E0_1_4400m;5.00;177;177;10.01;29.61
4500.00;4800.00;1776.00;26.74;E0_0_4500m;5.00;148;149;9.25;26.98
4500.00;4800.00;2088.00;29.37;E0_1_4500m;5.00;174;173;9.87;29.50
4500.00;4800.00;1776.00;26.32;E0_0_4600m;5.00;148;148;9.37;26.54
4500.00;4800.00;2088.00;29.26;E0_1_4600m;5.00;174;174;9.91;29.39
4500.00;4800.00;1788.00;26.11;E0_0_4700m;5.00;149;148;9.47;26.33
4500.00;4800.00;2088.00;29.14;E0_1_4700m;5.00;174;174;9.95;29.27
4500.00;4800.00;1752.00;26.21;E0_0_4800m;5.00;146;145;9.24;26.43
4500.00;4800.00;2124.00;29.03;E0_1_4800m;5.00;177;177;10.16;29.16
4500.00;4800.00;1764.00;26.09;E0_0_4900m;5.00;147;147;9.39;26.32
4500.00;4800.00;2100.00;29.07;E0_1_4900m;5.00;175;175;10.03;29.22
4500.00;4800.00;1788.00;26.01;E0_0_5000m;5.00;149;150;9.58;26.24
4500.00;4800.00;2064.00;29.06;E0_1_5000m;5.00;172;172;9.86;29.22
4800.00;5100.00;0.00;-1.00;E0_0_0m;-1.00;0;0;0.00;-1.00
4800.00;5100.00;0.00;-1.00;E0_1_0m;-1.00;0;0;0.00;-1.00
4800.00;5100.00;1812.00;23.84;E0_0_100m;5.00;151;151;10.56;24.07
4800.00;5100.00;2316.00;25.17;E0_1_100m;5.00;193;193;12.78;25.32
4800.00;5100.00;1788.00;24.84;E0_0_200m;5.00;149;149;10.00;25.06
4800.00;5100.00;2328.00;26.61;E0_1_200m;5.00;194;194;12.15;26.81
4800.00;5100.00;1860.00;25.36;E0_0_300m;5.00;155;155;10.19;25.55
4800.00;5100.00;2280.00;27.26;E0_1_300m;5.00;190;190;11.62;27.43
4800.00;5100.00;1836.00;25.55;E0_0_400m;5.00;153;153;9.98;25.71
4800.00;5100.00;2292.00;27.41;E0_1_400m;5.00;191;190;11.58;27.55
4800.00;5100.00;1836.00;25.72;E0_0_500m;5.00;153;154;9.94;25.84
4800.00;5100.00;2280.00;27.55;E0_1_500m;5.00;190;190;11.50;27.66
4800.00;5100.00;1836.00;25.60;E0_0_600m;5.00;153;153;9.96;25.73
4800.00;5100.00;2268.00;27.63;E0_1_600m;5.00;189;188;11.34;27.73
4800.00;5100.00;1872.00;25.57;E0_0_700m;5.00;156;156;10.17;25.71
4800.00;5100.00;2208.00;27.58;E0_1_700m;5.00;184;184;11.12;27.69
4800.00;5100.00;1860.00;25.40;E0_0_800m;5.00;155;155;10.17;25.54
4800.00;5100.00;2196.00;27.57;E0_1_800m;5.00;183;184;11.09;27.69
4800.00;5100.00;1860.00;25.32;E0_0_900m;5.00;155;156;10.22;25.46
4800.00;5100.00;2196.00;27.54;E0_1_900m;5.00;183;183;11.08;27.67
4800.00;5100.00;1884.00;25.46;E0_0_1000m;5.00;157;158;10.30;25.58
4800.00;5100.00;2208.00;27.53;E0_1_1000m;5.00;184;184;11.14;27.68
4800.00;5100.00;1848.00;25.46;E0_0_1100m;5.00;154;154;10.08;25.57
4800.00;5100.00;2208.00;27.51;E0_1_1100m;5.00;184;184;11.15;27.65
4800.00;5100.00;1824.00;25.41;E0_0_1200m;5.00;152;152;9.97;25.51
4800.00;5100.00;2208.00;27.52;E0_1_1200m;5.00;184;184;11.14;27.66
4800.00;5100.00;1812.00;25.40;E0_0_1300m;5.00;151;151;9.91;25.49
4800.00;5100.00;2244.00;27.57;E0_1_1300m;5.00;187;187;11.30;27.70
4800.00;5100.00;1812.00;25.38;E0_0_1400m;5.00;151;151;9.92;25.48
4800.00;5100.00;2208.00;27.52;E0_1_1400m;5.00;184;185;11.15;27.65
4800.00;5100.00;1836.00;25.45;E0_0_1500m;5.00;153;153;10.02;25.52
4800.00;5100.00;2208.00;27.47;E0_1_1500m;5.00;184;183;11.16;27.59
4800.00;5100.00;1788.00;25.39;E0_0_1600m;5.00;149;150;9.84;25.45
4800.00;5100.00;2220.00;27.37;E0_1_1600m;5.00;185;186;11.27;27.50
4800.00;5100.00;1764.00;25.07;E0_0_1700m;5.00;147;147;9.77;25.15
4800.00;5100.00;2232.00;27.09;E0_1_1700m;5.00;186;186;11.44;27.21
4800.00;5100.00;1764.00;24.32;E0_0_1800m;5.00;147;147;10.08;24.43
4800.00;5100.00;2244.00;26.13;E0_1_1800m;5.00;187;187;11.93;26.30
4800.00;5100.00;1788.00;22.98;E0_0_1900m;5.00;149;149;10.80;23.14
4800.00;5100.00;2256.00;24.69;E0_1_1900m;5.00;188;188;12.69;24.97
4800.00;5100.00;1800.00;21.20;E0_0_2000m;5.00;150;150;11.79;21.45
4800.00;5100.00;2268.00;22.60;E0_1_2000m;5.00;189;189;13.94;22.98
4800.00;5100.00;1836.00;19.37;E0_0_2100m;5.00;153;153;13.16;19.59
4800.00;5100.00;2268.00;20.45;E0_1_2100m;5.00;189;189;15.40;20.80
4800.00;5100.00;1896.00;17.82;E0_0_2200m;5.00;158;158;14.77;17.92
4800.00;5100.00;2244.00;18.50;E0_1_2200m;5.00;187;187;16.85;18.78
4800.00;5100.00;1956.00;16.90;E0_0_2300m;5.00;163;162;16.01;16.92
4800.00;5100.00;2208.00;16.67;E0_1_2300m;5.00;184;183;18.35;16.86
4800.00;5100.00;1944.00;16.63;E0_0_2400m;5.00;162;162;16.23;16.63
4800.00;5100.00;2208.00;15.36;E0_1_2400m;5.00;184;183;19.94;15.46
4800.00;5100.00;1956.00;16.56;E0_0_2500m;5.00;163;162;16.39;16.56
4800.00;5100.00;2196.00;14.67;E0_1_2500m;5.00;183;183;20.73;14.74
4800.00;5100.00;1980.00;16.53;E0_0_2600m;5.00;165;164;16.61;16.53
4800.00;5100.00;2184.00;14.19;E0_1_2600m;5.00;182;182;21.37;14.24
4800.00;5100.00;1992.00;16.51;E0_0_2700m;5.00;166;166;16.76;16.51
4800.00;5100.00;2160.00;13.81;E0_1_2700m;5.00;180;181;21.83;13.83
4800.00;5100.00;2004.00;16.17;E0_0_2800m;5.00;167;167;17.21;16.19
4800.00;5100.00;2172.00;13.67;E0_1_2800m;5.00;181;180;22.03;13.69
4800.00;5100.00;2016.00;15.25;E0_0_2900m;5.00;168;169;18.40;15.33
4800.00;5100.00;2160.00;13.54;E0_1_2900m;5.00;180;180;22.15;13.56
4800.00;5100.00;2028.00;13.91;E0_0_3000m;5.00;169;170;20.25;13.96
4800.00;5100.00;2136.00;13.37;E0_1_3000m;5.00;178;178;22.19;13.37
4800.00;5100.00;2028.00;13.56;E0_0_3100m;5.00;169;169;20.77;13.59
4800.00;5100.00;2148.00;13.39;E0_1_3100m;5.00;179;179;22.27;13.40
4800.00;5100.00;2052.00;13.45;E0_0_3200m;5.00;171;171;21.19;13.45
4800.00;5100.00;2148.00;13.39;E0_1_3200m;5.00;179;178;22.24;13.39
4800.00;5100.00;2040.00;13.40;E0_0_3300m;5.00;170;170;21.14;13.40
4800.00;5100.00;2136.00;13.38;E0_1_3300m;5.00;178;178;22.18;13.38
4800.00;5100.00;2064.00;13.45;E0_0_3400m;5.00;172;172;21.32;13.47
4800.00;5100.00;2136.00;13.41;E0_1_3400m;5.00;178;178;22.16;13.41
4800.00;5100.00;2052.00;13.41;E0_0_3500m;5.00;171;171;21.25;13.41
4800.00;5100.00;2124.00;13.38;E0_1_3500m;5.00;177;177;22.04;13.38
4800.00;5100.00;2064.00;13.41;E0_0_3600m;5.00;172;172;21.38;13.41
4800.00;5100.00;2124.00;13.36;E0_1_3600m;5.00;177;177;22.12;13.36
4800.00;5100.00;2064.00;13.41;E0_0_3700m;5.00;172;172;21.38;13.41
4800.00;5100.00;2124.00;13.36;E0_1_3700m;5.00;177;177;22.09;13.36
4800.00;5100.00;2064.00;13.42;E0_0_3800m;5.00;172;173;21.39;13.42
4800.00;5100.00;2124.00;13.35;E0_1_3800m;5.00;177;177;22.14;13.35
4800.00;5100.00;2076.00;13.56;E0_0_3900m;5.00;173;173;21.27;13.58
4800.00;5100.00;2124.00;13.42;E0_1_3900m;5.00;177;177;21.98;13.44
4800.00;5100.00;2052.00;15.67;E0_0_4000m;5.00;171;171;18.24;15.92
4800.00;5100.00;2172.00;16.19;E0_1_4000m;5.00;181;181;18.64;16.67
4800.00;5100.00;1932.00;25.03;E0_0_4100m;5.00;161;161;10.72;25.08
4800.00;5100.00;2292.00;25.98;E0_1_4100m;5.00;191;191;12.26;26.02
4800.00;5100.00;1932.00;26.67;E0_0_4200m;5.00;161;161;10.06;26.82
4800.00;5100.00;2268.00;28.66;E0_1_4200m;5.00;189;189;10.99;28.81
4800.00;5100.00;1944.00;26.69;E0_0_4300m;5.00;162;162;10.12;26.84
4800.00;5100.00;2268.00;28.71;E0_1_4300m;5.00;189;189;10.97;28.85
4800.00;5100.00;1968.00;26.49;E0_0_4400m;5.00;164;164;10.32;26.69
4800.00;5100.00;2244.00;28.71;E0_1_4400m;5.00;187;189;10.95;28.84
4800.00;5100.00;1956.00;26.21;E0_0_4500m;5.00;163;163;10.36;26.35
4800.00;5100.00;2256.00;28.64;E0_1_4500m;5.00;188;188;10.94;28.76
4800.00;5100.00;1980.00;26.11;E0_0_4600m;5.00;165;165;10.53;26.24
4800.00;5100.00;2244.00;28.56;E0_1_4600m;5.00;187;187;10.91;28.68
4800.00;5100.00;1944.00;26.02;E0_0_4700m;5.00;162;162;10.38;26.14
4800.00;5100.00;2256.00;28.44;E0_1_4700m;5.00;188;188;11.02;28.57
4800.00;5100.00;1944.00;25.84;E0_0_4800m;5.00;162;162;10.45;25.96
4800.00;5100.00;2256.00;28.41;E0_1_4800m;5.00;188;188;11.03;28.51
4800.00;5100.00;1944.00;25.72;E0_0_4900m;5.00;162;163;10.57;25.82
4800.00;5100.00;2244.00;28.42;E0_1_4900m;5.00;187;187;10.97;28.57
4800.00;5100.00;1896.00;25.65;E0_0_5000m;5.00;158;158;10.27;25.74
4800.00;5100.00;2256.00;28.31;E0_1_5000m;5.00;188;189;11.12;28.40
5100.00;5400.00;0.00;-1.00;E0_0_0m;-1.00;0;0;0.00;-1.00
5100.00;5400.00;0.00;-1.00;E0_1_0m;-1.00;0;0;0.00;-1.00
5100.00;5400.00;1872.00;24.06;E0_0_100m;5.00;156;156;10.81;24.25
5100.00;5400.00;2292.00;25.48;E0_1_100m;5.00;191;191;12.49;25.66
5100.00;5400.00;1896.00;24.79;E0_0_200m;5.00;158;158;10.62;24.97
5100.00;5400.00;2304.00;26.31;E0_1_200m;5.00;192;192;12.16;26.56
5100.00;5400.00;1896.00;25.03;E0_0_300m;5.00;158;158;10.52;25.19
5100.00;5400.00;2292.00;26.55;E0_1_300m;5.00;191;191;11.99;26.79
5100.00;5400.00;1920.00;25.20;E0_0_400m;5.00;160;160;10.58;25.34
5100.00;5400.00;2280.00;26.75;E0_1_400m;5.00;190;191;11.89;26.98
5100.00;5400.00;1920.00;25.19;E0_0_500m;5.00;160;159;10.56;25.32
5100.00;5400.00;2292.00;26.87;E0_1_500m;5.00;191;191;11.85;27.10
5100.00;5400.00;1944.00;25.26;E0_0_600m;5.00;162;162;10.69;25.39
5100.00;5400.00;2280.00;26.95;E0_1_600m;5.00;190;190;11.75;27.15
5100.00;5400.00;1956.00;25.42;E0_0_700m;5.00;163;163;10.69;25.54
5100.00;5400.00;2244.00;27.11;E0_1_700m;5.00;187;187;11.49;27.30
5100.00;5400.00;1920.00;25.54;E0_0_800m;5.00;160;160;10.44;25.66
5100.00;5400.00;2244.00;27.19;E0_1_800m;5.00;187;187;11.46;27.36
5100.00;5400.00;1896.00;25.62;E0_0_900m;5.00;158;159;10.28;25.75
5100.00;5400.00;2256.00;27.31;E0_1_900m;5.00;188;188;11.47;27.45
5100.00;5400.00;1932.00;25.70;E0_0_1000m;5.00;161;161;10.44;25.87
5100.00;5400.00;2220.00;27.38;E0_1_1000m;5.00;185;186;11.31;27.52
5100.00;5400.00;1956.00;25.53;E0_0_1100m;5.00;163;163;10.64;25.66
5100.00;5400.00;2196.00;27.25;E0_1_1100m;5.00;183;183;11.19;27.40
5100.00;5400.00;1932.00;25.48;E0_0_1200m;5.00;161;161;10.53;25.61
5100.00;5400.00;2232.00;26.97;E0_1_1200m;5.00;186;186;11.49;27.13
5100.00;5400.00;1908.00;25.47;E0_0_1300m;5.00;159;159;10.40;25.59
5100.00;5400.00;2232.00;26.81;E0_1_1300m;5.00;186;186;11.56;26.98
5100.00;5400.00;1896.00;25.50;E0_0_1400m;5.00;158;158;10.33;25.60
5100.00;5400.00;2244.00;26.73;E0_1_1400m;5.00;187;187;11.66;26.90
5100.00;5400.00;1872.00;25.57;E0_0_1500m;5.00;156;156;10.17;25.66
5100.00;5400.00;2244.00;26.75;E0_1_1500m;5.00;187;187;11.65;26.92
5100.00;5400.00;1920.00;25.45;E0_0_1600m;5.00;160;160;10.48;25.52
5100.00;5400.00;2244.00;26.84;E0_1_1600m;5.00;187;186;11.61;27.01
5100.00;5400.00;1956.00;25.19;E0_0_1700m;5.00;163;163;10.78;25.25
5100.00;5400.00;2256.00;26.64;E0_1_1700m;5.00;188;188;11.76;26.80
5100.00;5400.00;1944.00;24.69;E0_0_1800m;5.00;162;163;10.96;24.75
5100.00;5400.00;2292.00;26.30;E0_1_1800m;5.00;191;191;12.10;26.44
5100.00;5400.00;1968.00;24.13;E0_0_1900m;5.00;164;164;11.33;24.21
5100.00;5400.00;2292.00;25.50;E0_1_1900m;5.00;191;191;12.48;25.61
5100.00;5400.00;1932.00;23.15;E0_0_2000m;5.00;161;161;11.59;23.27
5100.00;5400.00;2304.00;24.20;E0_1_2000m;5.00;192;192;13.22;24.31
5100.00;5400.00;1920.00;21.89;E0_0_2100m;5.00;160;160;12.18;22.05
5100.00;5400.00;2304.00;22.68;E0_1_2100m;5.00;192;192;14.11;22.83
5100.00;5400.00;1896.00;20.43;E0_0_2200m;5.00;158;159;12.92;20.63
5100.00;5400.00;2292.00;20.93;E0_1_2200m;5.00;191;191;15.21;21.11
5100.00;5400.00;1908.00;19.02;E0_0_2300m;5.00;159;159;13.93;19.26
5100.00;5400.00;2280.00;19.25;E0_1_2300m;5.00;190;191;16.50;19.48
5100.00;5400.00;1908.00;18.14;E0_0_2400m;5.00;159;159;14.61;18.32
5100.00;5400.00;2292.00;18.00;E0_1_2400m;5.00;191;191;17.69;18.25
5100.00;5400.00;1956.00;17.08;E0_0_2500m;5.00;163;164;15.91;17.13
5100.00;5400.00;2232.00;16.72;E0_1_2500m;5.00;186;186;18.54;16.90
5100.00;5400.00;1956.00;16.57;E0_0_2600m;5.00;163;163;16.40;16.57
5100.00;5400.00;2220.00;15.58;E0_1_2600m;5.00;185;185;19.79;15.66
5100.00;5400.00;1968.00;16.49;E0_0_2700m;5.00;164;164;16.57;16.50
5100.00;5400.00;2232.00;14.92;E0_1_2700m;5.00;186;185;20.67;14.96
5100.00;5400.00;1992.00;16.36;E0_0_2800m;5.00;166;166;16.91;16.50
5100.00;5400.00;2208.00;14.59;E0_1_2800m;5.00;184;185;21.15;14.65
5100.00;5400.00;2052.00;15.41;E0_0_2900m;5.00;171;170;18.45;15.47
5100.00;5400.00;2148.00;13.91;E0_1_2900m;5.00;179;179;21.44;13.95
5100.00;5400.00;2052.00;13.77;E0_0_3000m;5.00;171;170;20.69;13.80
5100.00;5400.00;2148.00;13.47;E0_1_3000m;5.00;179;179;22.15;13.47
5100.00;5400.00;2052.00;13.52;E0_0_3100m;5.00;171;171;21.08;13.52
5100.00;5400.00;2148.00;13.42;E0_1_3100m;5.00;179;179;22.23;13.42
5100.00;5400.00;2052.00;13.43;E0_0_3200m;5.00;171;171;21.21;13.43
5100.00;5400.00;2148.00;13.40;E0_1_3200m;5.00;179;179;22.26;13.40
5100.00;5400.00;2064.00;13.42;E0_0_3300m;5.00;172;172;21.37;13.42
5100.00;5400.00;2148.00;13.39;E0_1_3300m;5.00;179;179;22.27;13.39
5100.00;5400.00;2052.00;13.41;E0_0_3400m;5.00;171;172;21.27;13.41
5100.00;5400.00;2148.00;13.39;E0_1_3400m;5.00;179;179;22.28;13.39
5100.00;5400.00;2064.00;13.41;E0_0_3500m;5.00;172;172;21.38;13.41
5100.00;5400.00;2148.00;13.38;E0_1_3500m;5.00;179;179;22.30;13.38
5100.00;5400.00;2064.00;13.41;E0_0_3600m;5.00;172;172;21.38;13.41
5100.00;5400.00;2160.00;13.37;E0_1_3600m;5.00;180;179;22.34;13.37
5100.00;5400.00;2052.00;13.41;E0_0_3700m;5.00;171;172;21.26;13.41
5100.00;5400.00;2148.00;13.35;E0_1_3700m;5.00;179;179;22.35;13.35
5100.00;5400.00;2064.00;13.41;E0_0_3800m;5.00;172;171;21.35;13.41
5100.00;5400.00;2160.00;13.36;E0_1_3800m;5.00;180;179;22.36;13.36
5100.00;5400.00;2052.00;13.58;E0_0_3900m;5.00;171;171;20.99;13.60
5100.00;5400.00;2148.00;13.51;E0_1_3900m;5.00;179;180;22.10;13.54
5100.00;5400.00;2004.00;15.64;E0_0_4000m;5.00;167;167;17.80;15.85
5100.00;5400.00;2196.00;16.07;E0_1_4000m;5.00;183;183;18.99;16.51
5100.00;5400.00;1956.00;24.90;E0_0_4100m;5.00;163;163;10.91;24.96
5100.00;5400.00;2232.00;25.76;E0_1_4100m;5.00;186;186;12.04;25.79
5100.00;5400.00;1908.00;26.35;E0_0_4200m;5.00;159;159;10.06;26.45
5100.00;5400.00;2280.00;28.23;E0_1_4200m;5.00;190;190;11.22;28.36
5100.00;5400.00;1920.00;26.34;E0_0_4300m;5.00;160;160;10.12;26.43
5100.00;5400.00;2268.00;28.57;E0_1_4300m;5.00;189;189;11.02;28.69
5100.00;5400.00;1932.00;26.48;E0_0_4400m;5.00;161;161;10.14;26.57
5100.00;5400.00;2256.00;28.65;E0_1_4400m;5.00;188;188;10.94;28.76
5100.00;5400.00;1944.00;26.46;E0_0_4500m;5.00;162;163;10.23;26.55
5100.00;5400.00;2244.00;28.53;E0_1_4500m;5.00;187;187;10.93;28.63
5100.00;5400.00;1932.00;26.19;E0_0_4600m;5.00;161;161;10.24;26.27
5100.00;5400.00;2256.00;28.51;E0_1_4600m;5.00;188;188;10.99;28.61
5100.00;5400.00;1956.00;26.01;E0_0_4700m;5.00;163;163;10.45;26.07
5100.00;5400.00;2244.00;28.43;E0_1_4700m;5.00;187;188;10.98;28.52
5100.00;5400.00;1968.00;25.92;E0_0_4800m;5.00;164;164;10.55;26.02
5100.00;5400.00;2256.00;28.48;E0_1_4800m;5.00;188;189;11.05;28.58
5100.00;5400.00;2004.00;25.75;E0_0_4900m;5.00;167;167;10.81;25.82
5100.00;5400.00;2244.00;28.53;E0_1_4900m;5.00;187;187;10.92;28.63
5100.00;5400.00;1992.00;25.61;E0_0_5000m;5.00;166;166;10.80;25.69
5100.00;5400.00;2280.00;28.47;E0_1_5000m;5.00;190;190;11.12;28.56
5400.00;5700.00;0.00;-1.00;E0_0_0m;-1.00;0;0;0.00;-1.00
5400.00;5700.00;0.00;-1.00;E0_1_0m;-1.00;0;0;0.00;-1.00
5400.00;5700.00;1800.00;25.64;E0_0_100m;5.00;150;150;9.75;25.77
5400.00;5700.00;2052.00;26.55;E0_1_100m;5.00;171;171;10.74;26.70
5400.00;5700.00;1752.00;26.43;E0_0_200m;5.00;146;147;9.26;26.61
5400.00;5700.00;2064.00;28.28;E0_1_200m;5.00;172;173;10.20;28.52
5400.00;5700.00;1788.00;26.66;E0_0_300m;5.00;149;150;9.34;26.83
5400.00;5700.00;1992.00;28.60;E0_1_300m;5.00;166;167;9.69;28.83
5400.00;5700.00;1776.00;26.65;E0_0_400m;5.00;148;148;9.26;26.80
5400.00;5700.00;2016.00;28.58;E0_1_400m;5.00;168;168;9.80;28.81
5400.00;5700.00;1728.00;26.72;E0_0_500m;5.00;144;145;9.02;26.85
5400.00;5700.00;2052.00;28.36;E0_1_500m;5.00;171;171;10.05;28.58
5400.00;5700.00;1704.00;26.76;E0_0_600m;5.00;142;143;8.88;26.90
5400.00;5700.00;2088.00;28.15;E0_1_600m;5.00;174;174;10.30;28.35
5400.00;5700.00;1704.00;26.54;E0_0_700m;5.00;142;142;8.92;26.67
5400.00;5700.00;2136.00;27.92;E0_1_700m;5.00;178;178;10.63;28.12
5400.00;5700.00;1728.00;26.31;E0_0_800m;5.00;144;145;9.17;26.42
5400.00;5700.00;2136.00;27.60;E0_1_800m;5.00;178;178;10.75;27.80
5400.00;5700.00;1740.00;26.03;E0_0_900m;5.00;145;144;9.28;26.15
5400.00;5700.00;2172.00;27.37;E0_1_900m;5.00;181;181;11.02;27.57
5400.00;5700.00;1704.00;25.86;E0_0_1000m;5.00;142;142;9.15;25.99
5400.00;5700.00;2196.00;27.20;E0_1_1000m;5.00;183;183;11.21;27.40
5400.00;5700.00;1704.00;25.80;E0_0_1100m;5.00;142;142;9.17;25.96
5400.00;5700.00;2196.00;27.12;E0_1_1100m;5.00;183;184;11.30;27.32
5400.00;5700.00;1692.00;25.71;E0_0_1200m;5.00;141;141;9.14;25.84
5400.00;5700.00;2208.00;26.95;E0_1_1200m;5.00;184;184;11.38;27.12
5400.00;5700.00;1728.00;25.49;E0_0_1300m;5.00;144;144;9.42;25.62
5400.00;5700.00;2208.00;26.74;E0_1_1300m;5.00;184;184;11.47;26.88
5400.00;5700.00;1752.00;25.33;E0_0_1400m;5.00;146;146;9.61;25.46
5400.00;5700.00;2208.00;26.49;E0_1_1400m;5.00;184;184;11.58;26.63
5400.00;5700.00;1788.00;25.20;E0_0_1500m;5.00;149;149;9.85;25.33
5400.00;5700.00;2172.00;26.37;E0_1_1500m;5.00;181;181;11.44;26.52
5400.00;5700.00;1764.00;25.09;E0_0_1600m;5.00;147;147;9.76;25.22
5400.00;5700.00;2148.00;26.22;E0_1_1600m;5.00;179;179;11.38;26.36
5400.00;5700.00;1764.00;25.02;E0_0_1700m;5.00;147;147;9.79;25.15
5400.00;5700.00;2112.00;26.16;E0_1_1700m;5.00;176;177;11.28;26.30
5400.00;5700.00;1728.00;25.15;E0_0_1800m;5.00;144;143;9.52;25.29
5400.00;5700.00;2112.00;26.07;E0_1_1800m;5.00;176;176;11.25;26.22
5400.00;5700.00;1716.00;25.18;E0_0_1900m;5.00;143;143;9.47;25.32
5400.00;5700.00;2076.00;26.13;E0_1_1900m;5.00;173;173;11.03;26.29
5400.00;5700.00;1716.00;24.94;E0_0_2000m;5.00;143;144;9.58;25.08
5400.00;5700.00;2076.00;25.85;E0_1_2000m;5.00;173;173;11.16;25.98
5400.00;5700.00;1716.00;24.27;E0_0_2100m;5.00;143;143;9.82;24.45
5400.00;5700.00;2076.00;25.28;E0_1_2100m;5.00;173;173;11.40;25.45
5400.00;5700.00;1716.00;23.31;E0_0_2200m;5.00;143;142;10.19;23.57
5400.00;5700.00;2088.00;24.22;E0_1_2200m;5.00;174;175;12.01;24.46
5400.00;5700.00;1728.00;21.98;E0_0_2300m;5.00;144;144;10.92;22.29
5400.00;5700.00;2112.00;22.70;E0_1_2300m;5.00;176;175;12.87;23.05
5400.00;5700.00;1752.00;20.35;E0_0_2400m;5.00;146;146;11.96;20.69
5400.00;5700.00;2124.00;20.81;E0_1_2400m;5.00;177;177;14.18;21.19
5400.00;5700.00;1812.00;18.87;E0_0_2500m;5.00;151;150;13.33;19.25
5400.00;5700.00;2160.00;18.99;E0_1_2500m;5.00;180;181;15.89;19.39
5400.00;5700.00;1860.00;17.65;E0_0_2600m;5.00;155;155;14.63;17.88
5400.00;5700.00;2184.00;17.27;E0_1_2600m;5.00;182;182;17.57;17.64
5400.00;5700.00;1896.00;16.86;E0_0_2700m;5.00;158;158;15.62;16.95
5400.00;5700.00;2148.00;15.66;E0_1_2700m;5.00;179;179;19.05;15.90
5400.00;5700.00;1896.00;16.44;E0_0_2800m;5.00;158;158;16.02;16.45
5400.00;5700.00;2148.00;14.37;E0_1_2800m;5.00;179;179;20.77;14.43
5400.00;5700.00;1908.00;15.78;E0_0_2900m;5.00;159;160;16.86;15.83
5400.00;5700.00;2136.00;13.74;E0_1_2900m;5.00;178;178;21.59;13.75
5400.00;5700.00;1932.00;13.83;E0_0_3000m;5.00;161;161;19.40;13.88
5400.00;5700.00;2136.00;13.47;E0_1_3000m;5.00;178;178;22.03;13.48
5400.00;5700.00;1944.00;13.49;E0_0_3100m;5.00;162;162;20.02;13.49
5400.00;5700.00;2124.00;13.43;E0_1_3100m;5.00;177;177;21.97;13.43
5400.00;5700.00;1944.00;13.43;E0_0_3200m;5.00;162;162;20.11;13.43
5400.00;5700.00;2124.00;13.39;E0_1_3200m;5.00;177;177;22.02;13.39
5400.00;5700.00;1932.00;13.41;E0_0_3300m;5.00;161;161;20.01;13.41
5400.00;5700.00;2124.00;13.37;E0_1_3300m;5.00;177;177;22.06;13.37
5400.00;5700.00;1944.00;13.41;E0_0_3400m;5.00;162;161;20.11;13.41
5400.00;5700.00;2112.00;13.36;E0_1_3400m;5.00;176;177;21.99;13.36
5400.00;5700.00;1944.00;13.41;E0_0_3500m;5.00;162;162;20.14;13.41
5400.00;5700.00;2124.00;13.36;E0_1_3500m;5.00;177;177;22.09;13.36
5400.00;5700.00;1932.00;13.41;E0_0_3600m;5.00;161;162;20.06;13.41
5400.00;5700.00;2124.00;13.36;E0_1_3600m;5.00;177;177;22.09;13.36
5400.00;5700.00;1956.00;13.41;E0_0_3700m;5.00;163;162;20.25;13.41
5400.00;5700.00;2112.00;13.38;E0_1_3700m;5.00;176;176;21.93;13.38
5400.00;5700.00;1944.00;13.41;E0_0_3800m;5.00;162;162;20.13;13.41
5400.00;5700.00;2100.00;13.36;E0_1_3800m;5.00;175;176;21.93;13.36
5400.00;5700.00;1944.00;13.40;E0_0_3900m;5.00;162;162;20.15;13.40
5400.00;5700.00;2112.00;13.43;E0_1_3900m;5.00;176;175;21.84;13.44
5400.00;5700.00;1944.00;15.14;E0_0_4000m;5.00;162;163;17.87;15.31
5400.00;5700.00;2124.00;15.81;E0_1_4000m;5.00;177;178;18.72;16.16
5400.00;5700.00;1908.00;24.96;E0_0_4100m;5.00;159;159;10.62;25.04
5400.00;5700.00;2160.00;25.76;E0_1_4100m;5.00;180;180;11.64;25.80
5400.00;5700.00;1836.00;26.83;E0_0_4200m;5.00;153;155;9.56;27.01
5400.00;5700.00;2244.00;28.61;E0_1_4200m;5.00;187;188;10.94;28.82
5400.00;5700.00;1824.00;26.78;E0_0_4300m;5.00;152;152;9.46;26.94
5400.00;5700.00;2244.00;28.93;E0_1_4300m;5.00;187;188;10.81;29.11
5400.00;5700.00;1860.00;26.60;E0_0_4400m;5.00;155;155;9.71;26.76
5400.00;5700.00;2256.00;28.65;E0_1_4400m;5.00;188;188;10.94;28.80
5400.00;5700.00;1872.00;26.54;E0_0_4500m;5.00;156;156;9.79;26.70
5400.00;5700.00;2220.00;28.45;E0_1_4500m;5.00;185;185;10.84;28.59
5400.00;5700.00;1896.00;26.38;E0_0_4600m;5.00;158;158;9.98;26.55
5400.00;5700.00;2196.00;28.30;E0_1_4600m;5.00;183;184;10.82;28.44
5400.00;5700.00;1908.00;26.28;E0_0_4700m;5.00;159;159;10.08;26.42
5400.00;5700.00;2172.00;28.26;E0_1_4700m;5.00;181;181;10.67;28.40
5400.00;5700.00;1896.00;26.29;E0_0_4800m;5.00;158;158;10.02;26.43
5400.00;5700.00;2160.00;28.23;E0_1_4800m;5.00;180;181;10.66;28.36
5400.00;5700.00;1908.00;26.25;E0_0_4900m;5.00;159;159;10.10;26.39
5400.00;5700.00;2148.00;28.33;E0_1_4900m;5.00;179;179;10.53;28.43
5400.00;5700.00;1908.00;26.13;E0_0_5000m;5.00;159;159;10.14;26.27
5400.00;5700.00;2124.00;28.36;E0_1_5000m;5.00;177;177;10.40;28.44
5700.00;6000.00;0.00;-1.00;E0_0_0m;-1.00;0;0;0.00;-1.00
5700.00;6000.00;0.00;-1.00;E0_1_0m;-1.00;0;0;0.00;-1.00
5700.00;6000.00;1920.00;23.44;E0_0_100m;5.00;160;160;11.38;23.64
5700.00;6000.00;2412.00;24.32;E0_1_100m;5.00;201;201;13.77;24.55
5700.00;6000.00;1908.00;23.96;E0_0_200m;5.00;159;159;11.06;24.14
5700.00;6000.00;2400.00;25.40;E0_1_200m;5.00;200;200;13.11;25.70
5700.00;6000.00;1920.00;23.99;E0_0_300m;5.00;160;160;11.16;24.13
5700.00;6000.00;2388.00;25.70;E0_1_300m;5.00;199;199;12.91;25.98
5700.00;6000.00;1920.00;23.89;E0_0_400m;5.00;160;160;11.16;24.03
5700.00;6000.00;2364.00;25.78;E0_1_400m;5.00;197;197;12.73;26.06
5700.00;6000.00;1968.00;23.65;E0_0_500m;5.00;164;163;11.52;23.78
5700.00;6000.00;2328.00;25.86;E0_1_500m;5.00;194;194;12.50;26.15
5700.00;6000.00;1968.00;23.49;E0_0_600m;5.00;164;164;11.63;23.64
5700.00;6000.00;2328.00;25.77;E0_1_600m;5.00;194;194;12.54;26.07
5700.00;6000.00;1932.00;23.50;E0_0_700m;5.00;161;161;11.42;23.67
5700.00;6000.00;2316.00;25.66;E0_1_700m;5.00;193;193;12.54;25.94
5700.00;6000.00;1896.00;23.35;E0_0_800m;5.00;158;157;11.23;23.56
5700.00;6000.00;2340.00;25.64;E0_1_800m;5.00;195;195;12.67;25.93
5700.00;6000.00;1884.00;23.07;E0_0_900m;5.00;157;157;11.34;23.25
5700.00;6000.00;2328.00;25.61;E0_1_900m;5.00;194;194;12.63;25.91
5700.00;6000.00;1860.00;22.94;E0_0_1000m;5.00;155;155;11.26;23.12
5700.00;6000.00;2340.00;25.58;E0_1_1000m;5.00;195;195;12.71;25.88
5700.00;6000.00;1884.00;22.93;E0_0_1100m;5.00;157;157;11.41;23.12
5700.00;6000.00;2316.00;25.56;E0_1_1100m;5.00;193;193;12.58;25.87
5700.00;6000.00;1872.00;22.96;E0_0_1200m;5.00;156;156;11.32;23.16
5700.00;6000.00;2328.00;25.57;E0_1_1200m;5.00;194;194;12.65;25.90
5700.00;6000.00;1860.00;22.91;E0_0_1300m;5.00;155;155;11.27;23.10
5700.00;6000.00;2304.00;25.56;E0_1_1300m;5.00;192;192;12.52;25.91
5700.00;6000.00;1860.00;22.87;E0_0_1400m;5.00;155;155;11.30;23.07
5700.00;6000.00;2316.00;25.50;E0_1_1400m;5.00;193;193;12.61;25.84
5700.00;6000.00;1824.00;22.83;E0_0_1500m;5.00;152;153;11.12;23.04
5700.00;6000.00;2340.00;25.33;E0_1_1500m;5.00;195;195;12.83;25.66
5700.00;6000.00;1824.00;22.78;E0_0_1600m;5.00;152;152;11.12;22.98
5700.00;6000.00;2340.00;25.24;E0_1_1600m;5.00;195;195;12.88;25.54
5700.00;6000.00;1788.00;22.81;E0_0_1700m;5.00;149;149;10.89;23.01
5700.00;6000.00;2352.00;25.08;E0_1_1700m;5.00;196;195;12.96;25.37
5700.00;6000.00;1776.00;22.75;E0_0_1800m;5.00;148;148;10.84;22.94
5700.00;6000.00;2352.00;24.86;E0_1_1800m;5.00;196;197;13.15;25.17
5700.00;6000.00;1776.00;22.72;E0_0_1900m;5.00;148;148;10.86;22.91
5700.00;6000.00;2340.00;24.58;E0_1_1900m;5.00;195;195;13.22;24.91
5700.00;6000.00;1776.00;22.53;E0_0_2000m;5.00;148;148;10.95;22.73
5700.00;6000.00;2328.00;24.20;E0_1_2000m;5.00;194;194;13.36;24.59
5700.00;6000.00;1776.00;22.16;E0_0_2100m;5.00;148;149;11.18;22.36
5700.00;6000.00;2316.00;23.57;E0_1_2100m;5.00;193;193;13.65;24.04
5700.00;6000.00;1788.00;21.47;E0_0_2200m;5.00;149;149;11.57;21.73
5700.00;6000.00;2304.00;22.71;E0_1_2200m;5.00;192;191;14.06;23.33
5700.00;6000.00;1764.00;20.73;E0_0_2300m;5.00;147;148;11.88;21.09
5700.00;6000.00;2328.00;21.92;E0_1_2300m;5.00;194;194;14.75;22.80
5700.00;6000.00;1764.00;20.14;E0_0_2400m;5.00;147;147;12.17;20.56
5700.00;6000.00;2316.00;21.19;E0_1_2400m;5.00;193;193;15.18;22.13
5700.00;6000.00;1752.00;19.57;E0_0_2500m;5.00;146;147;12.45;19.99
5700.00;6000.00;2256.00;20.22;E0_1_2500m;5.00;188;188;15.50;21.33
5700.00;6000.00;1740.00;19.15;E0_0_2600m;5.00;145;146;12.68;19.54
5700.00;6000.00;2196.00;19.18;E0_1_2600m;5.00;183;183;15.90;20.32
5700.00;6000.00;1740.00;18.53;E0_0_2700m;5.00;145;145;13.04;18.84
5700.00;6000.00;2184.00;18.04;E0_1_2700m;5.00;182;182;16.81;19.01
5700.00;6000.00;1740.00;17.66;E0_0_2800m;5.00;145;146;13.75;17.85
5700.00;6000.00;2160.00;16.86;E0_1_2800m;5.00;180;182;17.91;17.57
5700.00;6000.00;1788.00;16.61;E0_0_2900m;5.00;149;148;14.89;16.70
5700.00;6000.00;2124.00;15.39;E0_1_2900m;5.00;177;177;19.17;15.71
5700.00;6000.00;1812.00;14.39;E0_0_3000m;5.00;151;151;17.49;14.51
5700.00;6000.00;2076.00;13.86;E0_1_3000m;5.00;173;173;20.80;13.97
5700.00;6000.00;1848.00;13.76;E0_0_3100m;5.00;154;155;18.66;13.80
5700.00;6000.00;2016.00;13.57;E0_1_3100m;5.00;168;169;20.75;13.61
5700.00;6000.00;1860.00;13.51;E0_0_3200m;5.00;155;155;19.13;13.52
5700.00;6000.00;2004.00;13.57;E0_1_3200m;5.00;167;167;20.51;13.60
5700.00;6000.00;1896.00;13.45;E0_0_3300m;5.00;158;158;19.58;13.45
5700.00;6000.00;2004.00;13.49;E0_1_3300m;5.00;167;167;20.64;13.50
5700.00;6000.00;1884.00;13.42;E0_0_3400m;5.00;157;157;19.50;13.42
5700.00;6000.00;2004.00;13.42;E0_1_3400m;5.00;167;166;20.70;13.42
5700.00;6000.00;1896.00;13.41;E0_0_3500m;5.00;158;158;19.63;13.41
5700.00;6000.00;2004.00;13.41;E0_1_3500m;5.00;167;167;20.76;13.41
5700.00;6000.00;1908.00;13.41;E0_0_3600m;5.00;159;158;19.72;13.41
5700.00;6000.00;1992.00;13.40;E0_1_3600m;5.00;166;167;20.67;13.40
5700.00;6000.00;1920.00;13.41;E0_0_3700m;5.00;160;160;19.89;13.41
5700.00;6000.00;2004.00;13.40;E0_1_3700m;5.00;167;167;20.77;13.40
5700.00;6000.00;1944.00;13.39;E0_0_3800m;5.00;162;162;20.16;13.39
5700.00;6000.00;1992.00;13.40;E0_1_3800m;5.00;166;166;20.60;13.40
5700.00;6000.00;1932.00;13.55;E0_0_3900m;5.00;161;161;19.80;13.58
5700.00;6000.00;2004.00;13.48;E0_1_3900m;5.00;167;167;20.65;13.51
5700.00;6000.00;1908.00;15.26;E0_0_4000m;5.00;159;159;17.36;15.51
5700.00;6000.00;2028.00;16.58;E0_1_4000m;5.00;169;168;16.93;17.06
5700.00;6000.00;1932.00;25.05;E0_0_4100m;5.00;161;161;10.71;25.13
5700.00;6000.00;2016.00;26.00;E0_1_4100m;5.00;168;168;10.77;26.04
5700.00;6000.00;1872.00;27.03;E0_0_4200m;5.00;156;156;9.62;27.23
5700.00;6000.00;2076.00;28.53;E0_1_4200m;5.00;173;172;10.06;28.70
5700.00;6000.00;1848.00;27.06;E0_0_4300m;5.00;154;154;9.48;27.25
5700.00;6000.00;2112.00;28.90;E0_1_4300m;5.00;176;175;10.11;29.08
5700.00;6000.00;1800.00;26.92;E0_0_4400m;5.00;150;152;9.35;27.09
5700.00;6000.00;2136.00;28.94;E0_1_4400m;5.00;178;178;10.25;29.12
5700.00;6000.00;1836.00;26.62;E0_0_4500m;5.00;153;153;9.58;26.78
5700.00;6000.00;2112.00;28.90;E0_1_4500m;5.00;176;176;10.15;29.05
5700.00;6000.00;1800.00;26.43;E0_0_4600m;5.00;150;150;9.46;26.61
5700.00;6000.00;2124.00;28.89;E0_1_4600m;5.00;177;177;10.21;29.02
5700.00;6000.00;1812.00;26.28;E0_0_4700m;5.00;151;152;9.63;26.49
5700.00;6000.00;2100.00;28.84;E0_1_4700m;5.00;175;175;10.11;28.96
5700.00;6000.00;1824.00;26.16;E0_0_4800m;5.00;152;152;9.69;26.37
5700.00;6000.00;2112.00;28.74;E0_1_4800m;5.00;176;175;10.17;28.87
5700.00;6000.00;1848.00;26.05;E0_0_4900m;5.00;154;154;9.85;26.26
5700.00;6000.00;2100.00;28.61;E0_1_4900m;5.00;175;175;10.19;28.75
5700.00;6000.00;1872.00;25.77;E0_0_5000m;5.00;156;156;10.09;25.98
5700.00;6000.00;2124.00;28.49;E0_1_5000m;5.00;177;177;10.35;28.62
6000.00;6300.00;0.00;-1.00;E0_0_0m;-1.00;0;0;0.00;-1.00
6000.00;6300.00;0.00;-1.00;E0_1_0m;-1.00;0;0;0.00;-1.00
6000.00;6300.00;1776.00;22.93;E0_0_100m;5.00;148;149;10.76;23.07
6000.00;6300.00;2100.00;23.89;E0_1_100m;5.00;175;175;12.21;23.98
6000.00;6300.00;1824.00;24.99;E0_0_200m;5.00;152;153;10.19;25.21
6000.00;6300.00;2100.00;27.55;E0_1_200m;5.00;175;175;10.59;27.76
6000.00;6300.00;1776.00;25.44;E0_0_300m;5.00;148;148;9.67;25.63
6000.00;6300.00;2160.00;27.85;E0_1_300m;5.00;180;180;10.77;28.04
6000.00;6300.00;1788.00;25.63;E0_0_400m;5.00;149;149;9.69;25.81
6000.00;6300.00;2160.00;27.94;E0_1_400m;5.00;180;180;10.74;28.10
6000.00;6300.00;1740.00;25.49;E0_0_500m;5.00;145;145;9.48;25.67
6000.00;6300.00;2196.00;27.93;E0_1_500m;5.00;183;183;10.92;28.09
6000.00;6300.00;1692.00;25.23;E0_0_600m;5.00;141;141;9.31;25.42
6000.00;6300.00;2220.00;27.86;E0_1_600m;5.00;185;185;11.07;28.02
6000.00;6300.00;1704.00;25.21;E0_0_700m;5.00;142;142;9.39;25.38
6000.00;6300.00;2208.00;27.76;E0_1_700m;5.00;184;184;11.05;27.92
6000.00;6300.00;1668.00;25.24;E0_0_800m;5.00;139;139;9.18;25.42
6000.00;6300.00;2256.00;27.58;E0_1_800m;5.00;188;188;11.36;27.72
6000.00;6300.00;1704.00;25.22;E0_0_900m;5.00;142;142;9.38;25.40
6000.00;6300.00;2208.00;27.45;E0_1_900m;5.00;184;184;11.17;27.59
6000.00;6300.00;1692.00;25.12;E0_0_1000m;5.00;141;141;9.36;25.29
6000.00;6300.00;2208.00;27.27;E0_1_1000m;5.00;184;184;11.25;27.42
6000.00;6300.00;1680.00;25.01;E0_0_1100m;5.00;140;140;9.33;25.17
6000.00;6300.00;2208.00;27.07;E0_1_1100m;5.00;184;185;11.34;27.21
6000.00;6300.00;1680.00;24.88;E0_0_1200m;5.00;140;140;9.38;25.06
6000.00;6300.00;2208.00;26.92;E0_1_1200m;5.00;184;185;11.44;27.07
6000.00;6300.00;1692.00;24.54;E0_0_1300m;5.00;141;141;9.58;24.70
6000.00;6300.00;2220.00;26.76;E0_1_1300m;5.00;185;185;11.52;26.92
6000.00;6300.00;1680.00;24.09;E0_0_1400m;5.00;140;140;9.69;24.23
6000.00;6300.00;2184.00;26.45;E0_1_1400m;5.00;182;182;11.47;26.64
6000.00;6300.00;1656.00;23.21;E0_0_1500m;5.00;138;139;9.92;23.35
6000.00;6300.00;2220.00;25.59;E0_1_1500m;5.00;185;185;12.05;25.86
6000.00;6300.00;1680.00;21.95;E0_0_1600m;5.00;140;140;10.63;22.22
6000.00;6300.00;2232.00;23.97;E0_1_1600m;5.00;186;186;12.93;24.52
6000.00;6300.00;1692.00;20.68;E0_0_1700m;5.00;141;141;11.36;21.11
6000.00;6300.00;2196.00;21.89;E0_1_1700m;5.00;183;183;13.93;23.01
6000.00;6300.00;1740.00;18.93;E0_0_1800m;5.00;145;145;12.77;19.69
6000.00;6300.00;2124.00;19.06;E0_1_1800m;5.00;177;177;15.66;21.00
6000.00;6300.00;1752.00;15.96;E0_0_1900m;5.00;146;146;15.25;17.64
6000.00;6300.00;2040.00;15.18;E0_1_1900m;5.00;170;170;18.66;18.38
6000.00;6300.00;1728.00;14.10;E0_0_2000m;5.00;144;144;17.02;16.28
6000.00;6300.00;1944.00;12.54;E0_1_2000m;5.00;162;163;21.64;16.15
6000.00;6300.00;1752.00;12.62;E0_0_2100m;5.00;146;146;19.49;15.07
6000.00;6300.00;1800.00;10.27;E0_1_2100m;5.00;150;152;24.77;14.13
6000.00;6300.00;1740.00;10.40;E0_0_2200m;5.00;145;145;23.24;12.95
6000.00;6300.00;1704.00;8.32;E0_1_2200m;5.00;142;142;28.46;12.37
6000.00;6300.00;1704.00;9.40;E0_0_2300m;5.00;142;143;25.51;12.12
6000.00;6300.00;1596.00;7.22;E0_1_2300m;5.00;133;133;30.68;10.98
6000.00;6300.00;1668.00;8.75;E0_0_2400m;5.00;139;139;26.47;11.50
6000.00;6300.00;1512.00;6.54;E0_1_2400m;5.00;126;126;32.13;9.71
6000.00;6300.00;1620.00;8.06;E0_0_2500m;5.00;135;134;27.89;10.53
6000.00;6300.00;1452.00;6.02;E0_1_2500m;5.00;121;121;33.47;8.46
6000.00;6300.00;1584.00;7.44;E0_0_2600m;5.00;132;131;29.52;9.50
6000.00;6300.00;1404.00;5.62;E0_1_2600m;5.00;117;117;34.68;7.42
6000.00;6300.00;1536.00;6.91;E0_0_2700m;5.00;128;129;31.12;8.71
6000.00;6300.00;1380.00;5.34;E0_1_2700m;5.00;115;115;35.89;6.77
6000.00;6300.00;1512.00;6.54;E0_0_2800m;5.00;126;125;32.05;8.04
6000.00;6300.00;1344.00;5.12;E0_1_2800m;5.00;112;112;36.39;6.33
6000.00;6300.00;1464.00;6.12;E0_0_2900m;5.00;122;122;33.25;7.03
6000.00;6300.00;1308.00;4.91;E0_1_2900m;5.00;109;110;37.16;5.94
6000.00;6300.00;1368.00;6.25;E0_0_3000m;5.00;114;120;34.31;6.78
6000.00;6300.00;1344.00;5.15;E0_1_3000m;5.00;112;112;36.22;5.85
6000.00;6300.00;1356.00;6.73;E0_0_3100m;5.00;113;112;27.98;7.11
6000.00;6300.00;1332.00;6.69;E0_1_3100m;5.00;111;111;27.68;7.07
6000.00;6300.00;1344.00;6.60;E0_0_3200m;5.00;112;112;28.27;7.00
6000.00;6300.00;1320.00;6.59;E0_1_3200m;5.00;110;110;27.80;7.02
6000.00;6300.00;1308.00;6.51;E0_0_3300m;5.00;109;110;28.09;6.89
6000.00;6300.00;1272.00;6.43;E0_1_3300m;5.00;106;107;27.64;6.80
6000.00;6300.00;1296.00;6.19;E0_0_3400m;5.00;108;108;29.10;6.66
6000.00;6300.00;1260.00;6.12;E0_1_3400m;5.00;105;105;28.58;6.51
6000.00;6300.00;1176.00;7.16;E0_0_3500m;5.00;98;103;23.89;8.79
6000.00;6300.00;1320.00;5.53;E0_1_3500m;5.00;110;110;33.17;7.67
6000.00;6300.00;1080.00;13.96;E0_0_3600m;5.00;90;92;10.91;15.22
6000.00;6300.00;1464.00;10.69;E0_1_3600m;5.00;122;124;19.33;11.92
6000.00;6300.00;1068.00;16.15;E0_0_3700m;5.00;89;95;9.58;16.29
6000.00;6300.00;1476.00;12.29;E0_1_3700m;5.00;123;126;16.86;13.60
6000.00;6300.00;1116.00;15.19;E0_0_3800m;5.00;93;95;10.37;16.41
6000.00;6300.00;1488.00;12.30;E0_1_3800m;5.00;124;126;17.04;13.42
6000.00;6300.00;1092.00;15.80;E0_0_3900m;5.00;91;95;9.84;16.23
6000.00;6300.00;1548.00;13.31;E0_1_3900m;5.00;129;132;16.36;13.95
6000.00;6300.00;996.00;17.24;E0_0_4000m;5.00;83;83;8.02;17.32
6000.00;6300.00;1656.00;14.94;E0_1_4000m;5.00;138;138;15.39;15.52
6000.00;6300.00;1044.00;24.14;E0_0_4100m;5.00;87;87;6.01;24.44
6000.00;6300.00;1632.00;25.15;E0_1_4100m;5.00;136;137;9.04;25.35
6000.00;6300.00;1068.00;25.73;E0_0_4200m;5.00;89;89;5.76;26.29
6000.00;6300.00;1656.00;25.39;E0_1_4200m;5.00;138;138;9.06;27.14
6000.00;6300.00;1092.00;24.65;E0_0_4300m;5.00;91;91;6.15;25.81
6000.00;6300.00;1656.00;25.26;E0_1_4300m;5.00;138;138;9.11;27.69
6000.00;6300.00;1116.00;25.55;E0_0_4400m;5.00;93;92;6.06;26.08
6000.00;6300.00;1608.00;26.94;E0_1_4400m;5.00;134;134;8.29;27.78
6000.00;6300.00;1080.00;25.55;E0_0_4500m;5.00;90;91;5.92;25.96
6000.00;6300.00;1644.00;27.59;E0_1_4500m;5.00;137;138;8.32;27.98
6000.00;6300.00;1080.00;24.52;E0_0_4600m;5.00;90;90;6.12;25.52
6000.00;6300.00;1668.00;25.29;E0_1_4600m;5.00;139;139;9.16;27.25
6000.00;6300.00;1092.00;24.95;E0_0_4700m;5.00;91;92;6.11;25.46
6000.00;6300.00;1728.00;25.43;E0_1_4700m;5.00;144;145;9.61;27.01
6000.00;6300.00;1068.00;25.44;E0_0_4800m;5.00;89;89;5.83;25.76
6000.00;6300.00;1776.00;27.65;E0_1_4800m;5.00;148;149;8.98;27.92
6000.00;6300.00;1092.00;24.73;E0_0_4900m;5.00;91;91;6.13;25.26
6000.00;6300.00;1776.00;27.52;E0_1_4900m;5.00;148;149;8.99;27.90
6000.00;6300.00;1032.00;25.67;E0_0_5000m;5.00;86;86;5.58;25.90
6000.00;6300.00;1812.00;27.89;E0_1_5000m;5.00;151;151;9.02;28.15
6300.00;6600.00;0.00;-1.00;E0_0_0m;-1.00;0;0;0.00;-1.00
6300.00;6600.00;0.00;-1.00;E0_1_0m;-1.00;0;0;0.00;-1.00
6300.00;6600.00;1992.00;21.35;E0_0_100m;5.00;166;167;12.96;21.43
6300.00;6600.00;2088.00;22.05;E0_1_100m;5.00;174;174;13.15;22.11
6300.00;6600.00;1896.00;24.67;E0_0_200m;5.00;158;159;10.71;25.06
6300.00;6600.00;2148.00;26.86;E0_1_200m;5.00;179;179;11.11;27.15
6300.00;6600.00;1932.00;24.83;E0_0_300m;5.00;161;162;10.86;25.37
6300.00;6600.00;2088.00;27.44;E0_1_300m;5.00;174;175;10.61;27.88
6300.00;6600.00;1908.00;24.47;E0_0_400m;5.00;159;159;10.83;25.15
6300.00;6600.00;2076.00;26.64;E0_1_400m;5.00;173;173;10.82;27.31
6300.00;6600.00;1896.00;23.89;E0_0_500m;5.00;158;158;11.02;24.65
6300.00;6600.00;2064.00;25.20;E0_1_500m;5.00;172;172;11.38;26.45
6300.00;6600.00;1860.00;22.96;E0_0_600m;5.00;155;155;11.25;23.94
6300.00;6600.00;2052.00;23.26;E0_1_600m;5.00;171;171;12.25;25.32
6300.00;6600.00;1836.00;21.60;E0_0_700m;5.00;153;153;11.81;23.00
6300.00;6600.00;2016.00;21.13;E0_1_700m;5.00;168;169;13.30;24.12
6300.00;6600.00;1800.00;18.85;E0_0_800m;5.00;150;151;13.27;21.24
6300.00;6600.00;1968.00;18.10;E0_1_800m;5.00;164;165;15.22;22.61
6300.00;6600.00;1728.00;15.42;E0_0_900m;5.00;144;145;15.78;18.64
6300.00;6600.00;1944.00;15.36;E0_1_900m;5.00;162;163;17.59;20.33
6300.00;6600.00;1704.00;13.10;E0_0_1000m;5.00;142;142;18.06;16.16
6300.00;6600.00;1884.00;12.77;E0_1_1000m;5.00;157;157;20.48;17.33
6300.00;6600.00;1692.00;11.62;E0_0_1100m;5.00;141;141;20.23;14.76
6300.00;6600.00;1800.00;10.48;E0_1_1100m;5.00;150;150;23.86;14.65
6300.00;6600.00;1716.00;10.55;E0_0_1200m;5.00;143;144;22.67;13.55
6300.00;6600.00;1644.00;8.30;E0_1_1200m;5.00;137;137;27.52;12.09
6300.00;6600.00;1668.00;8.85;E0_0_1300m;5.00;139;139;26.18;11.42
6300.00;6600.00;1548.00;7.07;E0_1_1300m;5.00;129;130;30.69;10.57
6300.00;6600.00;1620.00;7.81;E0_0_1400m;5.00;135;135;28.79;10.01
6300.00;6600.00;1500.00;6.33;E0_1_1400m;5.00;125;125;32.91;9.12
6300.00;6600.00;1572.00;7.12;E0_0_1500m;5.00;131;131;30.85;8.75
6300.00;6600.00;1416.00;5.74;E0_1_1500m;5.00;118;118;34.24;7.61
6300.00;6600.00;1500.00;6.45;E0_0_1600m;5.00;125;125;32.30;7.55
6300.00;6600.00;1344.00;5.21;E0_1_1600m;5.00;112;112;35.81;6.15
6300.00;6600.00;1452.00;6.05;E0_0_1700m;5.00;121;121;33.32;6.93
6300.00;6600.00;1296.00;4.83;E0_1_1700m;5.00;108;108;37.28;5.21
6300.00;6600.00;1404.00;5.61;E0_0_1800m;5.00;117;117;34.76;5.91
6300.00;6600.00;1248.00;4.45;E0_1_1800m;5.00;104;103;38.79;4.53
6300.00;6600.00;1380.00;5.25;E0_0_1900m;5.00;115;115;36.50;5.30
6300.00;6600.00;1236.00;4.40;E0_1_1900m;5.00;103;103;39.03;4.49
6300.00;6600.00;1368.00;5.14;E0_0_2000m;5.00;114;114;36.97;5.18
6300.00;6600.00;1248.00;4.47;E0_1_2000m;5.00;104;104;38.93;4.55
6300.00;6600.00;1368.00;5.16;E0_0_2100m;5.00;114;114;36.79;5.21
6300.00;6600.00;1272.00;4.56;E0_1_2100m;5.00;106;105;38.41;4.62
6300.00;6600.00;1368.00;5.16;E0_0_2200m;5.00;114;114;36.80;5.21
6300.00;6600.00;1272.00;4.65;E0_1_2200m;5.00;106;107;38.11;4.71
6300.00;6600.00;1380.00;5.20;E0_0_2300m;5.00;115;114;36.54;5.25
6300.00;6600.00;1284.00;4.73;E0_1_2300m;5.00;107;107;37.73;4.78
6300.00;6600.00;1368.00;5.21;E0_0_2400m;5.00;114;114;36.49;5.26
6300.00;6600.00;1296.00;4.78;E0_1_2400m;5.00;108;109;37.69;4.84
6300.00;6600.00;1368.00;5.19;E0_0_2500m;5.00;114;114;36.61;5.25
6300.00;6600.00;1296.00;4.80;E0_1_2500m;5.00;108;109;37.83;4.87
6300.00;6600.00;1356.00;5.17;E0_0_2600m;5.00;113;114;36.47;5.25
6300.00;6600.00;1296.00;4.76;E0_1_2600m;5.00;108;108;37.84;4.84
6300.00;6600.00;1344.00;5.09;E0_0_2700m;5.00;112;112;36.58;5.18
6300.00;6600.00;1260.00;4.67;E0_1_2700m;5.00;105;106;38.01;4.76
6300.00;6600.00;1320.00;4.97;E0_0_2800m;5.00;110;110;36.91;5.07
6300.00;6600.00;1248.00;4.52;E0_1_2800m;5.00;104;104;38.83;4.65
6300.00;6600.00;1296.00;4.83;E0_0_2900m;5.00;108;109;37.66;4.96
6300.00;6600.00;1236.00;4.36;E0_1_2900m;5.00;103;102;39.20;4.53
6300.00;6600.00;1272.00;4.65;E0_0_3000m;5.00;106;106;38.68;5.10
6300.00;6600.00;1224.00;4.87;E0_1_3000m;5.00;102;102;34.89;5.10
6300.00;6600.00;1272.00;5.84;E0_0_3100m;5.00;106;106;30.26;5.97
6300.00;6600.00;1224.00;5.75;E0_1_3100m;5.00;102;101;29.42;5.87
6300.00;6600.00;1260.00;5.64;E0_0_3200m;5.00;105;105;31.05;5.77
6300.00;6600.00;1212.00;5.64;E0_1_3200m;5.00;101;101;29.85;5.78
6300.00;6600.00;1272.00;5.68;E0_0_3300m;5.00;106;106;31.06;5.84
6300.00;6600.00;1224.00;5.64;E0_1_3300m;5.00;102;101;30.00;5.79
6300.00;6600.00;1272.00;5.71;E0_0_3400m;5.00;106;106;30.96;6.02
6300.00;6600.00;1236.00;5.69;E0_1_3400m;5.00;103;103;30.16;6.01
6300.00;6600.00;1212.00;7.21;E0_0_3500m;5.00;101;107;25.53;8.55
6300.00;6600.00;1284.00;4.80;E0_1_3500m;5.00;107;107;37.14;7.23
6300.00;6600.00;1044.00;14.22;E0_0_3600m;5.00;87;88;10.21;15.24
6300.00;6600.00;1440.00;11.11;E0_1_3600m;5.00;120;121;18.11;11.79
6300.00;6600.00;1020.00;16.16;E0_0_3700m;5.00;85;87;8.84;16.35
6300.00;6600.00;1392.00;13.20;E0_1_3700m;5.00;116;118;14.84;13.65
6300.00;6600.00;972.00;14.80;E0_0_3800m;5.00;81;85;9.39;15.66
6300.00;6600.00;1464.00;12.55;E0_1_3800m;5.00;122;126;16.42;13.50
6300.00;6600.00;1020.00;16.65;E0_0_3900m;5.00;85;88;8.77;16.77
6300.00;6600.00;1428.00;13.61;E0_1_3900m;5.00;119;125;14.93;13.85
6300.00;6600.00;900.00;17.00;E0_0_4000m;5.00;75;78;7.48;17.52
6300.00;6600.00;1524.00;14.03;E0_1_4000m;5.00;127;129;15.24;15.33
6300.00;6600.00;816.00;24.38;E0_0_4100m;5.00;68;69;4.70;24.53
6300.00;6600.00;1596.00;25.44;E0_1_4100m;5.00;133;133;8.71;25.56
6300.00;6600.00;852.00;26.48;E0_0_4200m;5.00;71;71;4.47;26.82
6300.00;6600.00;1548.00;27.94;E0_1_4200m;5.00;129;132;7.78;28.20
6300.00;6600.00;852.00;26.62;E0_0_4300m;5.00;71;72;4.54;27.01
6300.00;6600.00;1560.00;28.18;E0_1_4300m;5.00;130;131;7.69;28.56
6300.00;6600.00;864.00;26.40;E0_0_4400m;5.00;72;73;4.56;26.97
6300.00;6600.00;1596.00;27.77;E0_1_4400m;5.00;133;135;8.09;28.15
6300.00;6600.00;888.00;25.92;E0_0_4500m;5.00;74;74;4.71;26.39
6300.00;6600.00;1620.00;27.12;E0_1_4500m;5.00;135;134;8.25;27.58
6300.00;6600.00;924.00;25.59;E0_0_4600m;5.00;77;77;5.02;26.08
6300.00;6600.00;1608.00;26.78;E0_1_4600m;5.00;134;135;8.38;27.20
6300.00;6600.00;912.00;25.14;E0_0_4700m;5.00;76;76;5.04;25.68
6300.00;6600.00;1584.00;26.56;E0_1_4700m;5.00;132;132;8.28;26.99
6300.00;6600.00;912.00;24.85;E0_0_4800m;5.00;76;76;5.10;25.39
6300.00;6600.00;1584.00;26.30;E0_1_4800m;5.00;132;132;8.37;26.74
6300.00;6600.00;936.00;24.92;E0_0_4900m;5.00;78;78;5.22;25.36
6300.00;6600.00;1536.00;26.34;E0_1_4900m;5.00;128;128;8.10;26.73
6300.00;6600.00;924.00;25.44;E0_0_5000m;5.00;77;77;5.05;25.71
6300.00;6600.00;1548.00;26.95;E0_1_5000m;5.00;129;129;7.98;27.22
6600.00;6900.00;0.00;-1.00;E0_0_0m;-1.00;0;0;0.00;-1.00
6600.00;6900.00;0.00;-1.00;E0_1_0m;-1.00;0;0;0.00;-1.00
6600.00;6900.00;1620.00;9.15;E0_0_100m;5.00;135;136;24.71;11.67
6600.00;6900.00;1608.00;7.77;E0_1_100m;5.00;134;134;28.75;10.88
6600.00;6900.00;1584.00;8.00;E0_0_200m;5.00;132;132;27.49;10.15
6600.00;6900.00;1536.00;6.97;E0_1_200m;5.00;128;129;30.65;9.16
6600.00;6900.00;1524.00;7.18;E0_0_300m;5.00;127;126;29.42;8.86
6600.00;6900.00;1500.00;6.39;E0_1_300m;5.00;125;125;32.62;7.99
6600.00;6900.00;1488.00;6.71;E0_0_400m;5.00;124;125;31.13;8.13
6600.00;6900.00;1428.00;5.85;E0_1_400m;5.00;119;119;33.89;6.93
6600.00;6900.00;1464.00;6.24;E0_0_500m;5.00;122;122;32.58;7.11
6600.00;6900.00;1356.00;5.35;E0_1_500m;5.00;113;114;35.37;5.81
6600.00;6900.00;1416.00;5.75;E0_0_600m;5.00;118;118;34.19;6.16
6600.00;6900.00;1320.00;5.01;E0_1_600m;5.00;110;111;36.93;5.22
6600.00;6900.00;1380.00;5.44;E0_0_700m;5.00;115;116;35.38;5.68
6600.00;6900.00;1296.00;4.79;E0_1_700m;5.00;108;108;37.68;4.88
6600.00;6900.00;1344.00;5.19;E0_0_800m;5.00;112;113;36.24;5.33
6600.00;6900.00;1272.00;4.61;E0_1_800m;5.00;106;106;38.32;4.65
6600.00;6900.00;1332.00;4.97;E0_0_900m;5.00;111;110;37.02;5.04
6600.00;6900.00;1260.00;4.48;E0_1_900m;5.00;105;104;39.03;4.52
6600.00;6900.00;1296.00;4.81;E0_0_1000m;5.00;108;109;37.53;4.85
6600.00;6900.00;1236.00;4.38;E0_1_1000m;5.00;103;103;39.22;4.42
6600.00;6900.00;1284.00;4.72;E0_0_1100m;5.00;107;107;37.82;4.75
6600.00;6900.00;1212.00;4.27;E0_1_1100m;5.00;101;101;39.38;4.34
6600.00;6900.00;1284.00;4.64;E0_0_1200m;5.00;107;107;38.39;4.68
6600.00;6900.00;1200.00;4.19;E0_1_1200m;5.00;100;101;39.82;4.28
6600.00;6900.00;1272.00;4.57;E0_0_1300m;5.00;106;106;38.67;4.61
6600.00;6900.00;1188.00;4.12;E0_1_1300m;5.00;99;99;40.22;4.23
6600.00;6900.00;1260.00;4.55;E0_0_1400m;5.00;105;105;38.45;4.59
6600.00;6900.00;1176.00;4.06;E0_1_1400m;5.00;98;98;40.25;4.17
6600.00;6900.00;1260.00;4.52;E0_0_1500m;5.00;105;105;38.86;4.56
6600.00;6900.00;1164.00;4.02;E0_1_1500m;5.00;97;98;40.48;4.15
6600.00;6900.00;1248.00;4.53;E0_0_1600m;5.00;104;105;38.60;4.57
6600.00;6900.00;1164.00;4.00;E0_1_1600m;5.00;97;97;40.38;4.13
6600.00;6900.00;1260.00;4.52;E0_0_1700m;5.00;105;105;38.71;4.57
6600.00;6900.00;1164.00;3.98;E0_1_1700m;5.00;97;97;40.61;4.11
6600.00;6900.00;1260.00;4.51;E0_0_1800m;5.00;105;106;38.84;4.56
6600.00;6900.00;1152.00;3.94;E0_1_1800m;5.00;96;97;40.90;4.08
6600.00;6900.00;1248.00;4.52;E0_0_1900m;5.00;104;105;38.55;4.57
6600.00;6900.00;1152.00;3.91;E0_1_1900m;5.00;96;96;40.96;4.05
6600.00;6900.00;1260.00;4.52;E0_0_2000m;5.00;105;105;38.73;4.57
6600.00;6900.00;1152.00;3.87;E0_1_2000m;5.00;96;95;41.12;4.00
6600.00;6900.00;1272.00;4.52;E0_0_2100m;5.00;106;105;38.88;4.58
6600.00;6900.00;1140.00;3.84;E0_1_2100m;5.00;95;95;41.22;3.97
6600.00;6900.00;1272.00;4.53;E0_0_2200m;5.00;106;106;39.00;4.60
6600.00;6900.00;1140.00;3.82;E0_1_2200m;5.00;95;94;41.32;3.95
6600.00;6900.00;1272.00;4.55;E0_0_2300m;5.00;106;106;38.83;4.63
6600.00;6900.00;1140.00;3.82;E0_1_2300m;5.00;95;96;41.50;3.96
6600.00;6900.00;1284.00;4.57;E0_0_2400m;5.00;107;108;39.20;4.68
6600.00;6900.00;1140.00;3.83;E0_1_2400m;5.00;95;94;41.31;4.00
6600.00;6900.00;1284.00;4.63;E0_0_2500m;5.00;107;108;38.78;4.77
6600.00;6900.00;1152.00;3.87;E0_1_2500m;5.00;96;96;41.15;4.08
6600.00;6900.00;1296.00;4.68;E0_0_2600m;5.00;108;108;38.67;4.83
6600.00;6900.00;1152.00;3.91;E0_1_2600m;5.00;96;97;41.02;4.16
6600.00;6900.00;1308.00;4.74;E0_0_2700m;5.00;109;109;38.19;4.91
6600.00;6900.00;1176.00;3.96;E0_1_2700m;5.00;98;97;40.76;4.23
6600.00;6900.00;1320.00;4.83;E0_0_2800m;5.00;110;111;38.23;5.00
6600.00;6900.00;1188.00;4.03;E0_1_2800m;5.00;99;98;40.40;4.31
6600.00;6900.00;1356.00;4.94;E0_0_2900m;5.00;113;112;37.74;5.14
6600.00;6900.00;1200.00;4.17;E0_1_2900m;5.00;100;100;40.01;4.53
6600.00;6900.00;1308.00;5.52;E0_0_3000m;5.00;109;114;37.31;5.84
6600.00;6900.00;1284.00;4.75;E0_1_3000m;5.00;107;107;37.52;5.27
6600.00;6900.00;1284.00;6.48;E0_0_3100m;5.00;107;107;27.54;6.60
6600.00;6900.00;1308.00;6.46;E0_1_3100m;5.00;109;110;28.19;6.58
6600.00;6900.00;1284.00;6.40;E0_0_3200m;5.00;107;108;28.16;6.49
6600.00;6900.00;1284.00;6.38;E0_1_3200m;5.00;107;108;28.25;6.46
6600.00;6900.00;1296.00;6.32;E0_0_3300m;5.00;108;107;28.38;6.45
6600.00;6900.00;1296.00;6.28;E0_1_3300m;5.00;108;108;28.67;6.41
6600.00;6900.00;1272.00;6.05;E0_0_3400m;5.00;106;107;29.32;6.42
6600.00;6900.00;1260.00;6.05;E0_1_3400m;5.00;105;106;29.00;6.44
6600.00;6900.00;1140.00;7.73;E0_0_3500m;5.00;95;101;22.75;9.08
6600.00;6900.00;1320.00;6.10;E0_1_3500m;5.00;110;110;30.05;7.88
6600.00;6900.00;1128.00;13.84;E0_0_3600m;5.00;94;96;11.45;15.04
6600.00;6900.00;1368.00;10.81;E0_1_3600m;5.00;114;120;17.94;12.13
6600.00;6900.00;1200.00;15.78;E0_0_3700m;5.00;100;100;10.56;15.91
6600.00;6900.00;1428.00;12.31;E0_1_3700m;5.00;119;119;16.11;12.66
6600.00;6900.00;1188.00;15.65;E0_0_3800m;5.00;99;105;10.89;15.99
6600.00;6900.00;1428.00;12.62;E0_1_3800m;5.00;119;125;16.20;13.39
6600.00;6900.00;1200.00;15.58;E0_0_3900m;5.00;100;104;10.86;16.64
6600.00;6900.00;1368.00;11.96;E0_1_3900m;5.00;114;118;16.14;13.00
6600.00;6900.00;1140.00;17.37;E0_0_4000m;5.00;95;98;9.25;17.49
6600.00;6900.00;1524.00;15.13;E0_1_4000m;5.00;127;128;14.04;15.62
6600.00;6900.00;1068.00;25.26;E0_0_4100m;5.00;89;90;5.87;25.34
6600.00;6900.00;1572.00;25.74;E0_1_4100m;5.00;131;131;8.48;25.81
6600.00;6900.00;1032.00;27.66;E0_0_4200m;5.00;86;87;5.25;27.81
6600.00;6900.00;1560.00;28.56;E0_1_4200m;5.00;130;131;7.60;28.78
6600.00;6900.00;1044.00;27.69;E0_0_4300m;5.00;87;88;5.24;27.84
6600.00;6900.00;1500.00;28.93;E0_1_4300m;5.00;125;126;7.24;29.15
6600.00;6900.00;996.00;27.43;E0_0_4400m;5.00;83;83;5.04;27.57
6600.00;6900.00;1524.00;28.73;E0_1_4400m;5.00;127;127;7.37;28.93
6600.00;6900.00;996.00;27.10;E0_0_4500m;5.00;83;84;5.16;27.27
6600.00;6900.00;1524.00;28.38;E0_1_4500m;5.00;127;127;7.46;28.59
6600.00;6900.00;960.00;26.95;E0_0_4600m;5.00;80;80;4.95;27.11
6600.00;6900.00;1560.00;28.42;E0_1_4600m;5.00;130;130;7.62;28.60
6600.00;6900.00;960.00;27.26;E0_0_4700m;5.00;80;80;4.89;27.41
6600.00;6900.00;1524.00;28.37;E0_1_4700m;5.00;127;128;7.51;28.60
6600.00;6900.00;924.00;27.22;E0_0_4800m;5.00;77;77;4.72;27.36
6600.00;6900.00;1512.00;28.30;E0_1_4800m;5.00;126;126;7.42;28.49
6600.00;6900.00;888.00;27.41;E0_0_4900m;5.00;74;74;4.50;27.53
6600.00;6900.00;1512.00;28.03;E0_1_4900m;5.00;126;126;7.49;28.25
6600.00;6900.00;912.00;27.61;E0_0_5000m;5.00;76;76;4.59;27.73
6600.00;6900.00;1488.00;28.28;E0_1_5000m;5.00;124;124;7.31;28.45
6900.00;7200.00;0.00;-1.00;E0_0_0m;-1.00;0;0;0.00;-1.00
6900.00;7200.00;0.00;-1.00;E0_1_0m;-1.00;0;0;0.00;-1.00
6900.00;7200.00;1260.00;4.57;E0_0_100m;5.00;105;105;38.19;4.59
6900.00;7200.00;1128.00;3.89;E0_1_100m;5.00;94;94;40.29;3.94
6900.00;7200.00;1260.00;4.55;E0_0_200m;5.00;105;105;38.46;4.58
6900.00;7200.00;1128.00;3.84;E0_1_200m;5.00;94;94;40.98;3.90
6900.00;7200.00;1272.00;4.59;E0_0_300m;5.00;106;106;38.53;4.62
6900.00;7200.00;1128.00;3.85;E0_1_300m;5.00;94;94;40.70;3.91
6900.00;7200.00;1284.00;4.60;E0_0_400m;5.00;107;106;38.46;4.64
6900.00;7200.00;1140.00;3.87;E0_1_400m;5.00;95;95;40.92;3.94
6900.00;7200.00;1284.00;4.65;E0_0_500m;5.00;107;107;38.36;4.71
6900.00;7200.00;1140.00;3.88;E0_1_500m;5.00;95;95;40.69;3.96
6900.00;7200.00;1296.00;4.68;E0_0_600m;5.00;108;108;38.42;4.75
6900.00;7200.00;1152.00;3.92;E0_1_600m;5.00;96;95;40.52;4.01
6900.00;7200.00;1308.00;4.76;E0_0_700m;5.00;109;108;38.06;4.83
6900.00;7200.00;1164.00;3.97;E0_1_700m;5.00;97;96;40.61;4.09
6900.00;7200.00;1320.00;4.81;E0_0_800m;5.00;110;109;37.86;4.89
6900.00;7200.00;1176.00;4.02;E0_1_800m;5.00;98;97;40.48;4.15
6900.00;7200.00;1320.00;4.89;E0_0_900m;5.00;110;110;37.50;4.97
6900.00;7200.00;1176.00;4.10;E0_1_900m;5.00;98;99;40.21;4.24
6900.00;7200.00;1344.00;4.96;E0_0_1000m;5.00;112;111;37.56;5.03
6900.00;7200.00;1200.00;4.18;E0_1_1000m;5.00;100;100;39.86;4.32
6900.00;7200.00;1344.00;5.01;E0_0_1100m;5.00;112;113;37.34;5.08
6900.00;7200.00;1212.00;4.29;E0_1_1100m;5.00;101;102;39.35;4.41
6900.00;7200.00;1356.00;5.07;E0_0_1200m;5.00;113;112;37.12;5.12
6900.00;7200.00;1236.00;4.35;E0_1_1200m;5.00;103;102;39.43;4.45
6900.00;7200.00;1356.00;5.08;E0_0_1300m;5.00;113;113;37.05;5.14
6900.00;7200.00;1236.00;4.41;E0_1_1300m;5.00;103;103;38.88;4.50
6900.00;7200.00;1356.00;5.10;E0_0_1400m;5.00;113;113;36.95;5.15
6900.00;7200.00;1236.00;4.43;E0_1_1400m;5.00;103;104;38.79;4.52
6900.00;7200.00;1356.00;5.10;E0_0_1500m;5.00;113;112;36.65;5.16
6900.00;7200.00;1248.00;4.43;E0_1_1500m;5.00;104;103;38.84;4.52
6900.00;7200.00;1356.00;5.07;E0_0_1600m;5.00;113;113;36.96;5.13
6900.00;7200.00;1236.00;4.41;E0_1_1600m;5.00;103;104;38.96;4.52
6900.00;7200.00;1344.00;5.07;E0_0_1700m;5.00;112;112;36.83;5.14
6900.00;7200.00;1236.00;4.39;E0_1_1700m;5.00;103;103;39.07;4.51
6900.00;7200.00;1356.00;5.06;E0_0_1800m;5.00;113;112;37.18;5.14
6900.00;7200.00;1236.00;4.39;E0_1_1800m;5.00;103;103;38.93;4.51
6900.00;7200.00;1356.00;5.07;E0_0_1900m;5.00;113;112;36.94;5.16
6900.00;7200.00;1236.00;4.41;E0_1_1900m;5.00;103;104;38.95;4.54
6900.00;7200.00;1344.00;5.07;E0_0_2000m;5.00;112;113;37.07;5.16
6900.00;7200.00;1236.00;4.42;E0_1_2000m;5.00;103;104;38.99;4.55
6900.00;7200.00;1344.00;5.08;E0_0_2100m;5.00;112;112;36.71;5.18
6900.00;7200.00;1248.00;4.46;E0_1_2100m;5.00;104;104;38.89;4.59
6900.00;7200.00;1344.00;5.08;E0_0_2200m;5.00;112;112;36.72;5.18
6900.00;7200.00;1248.00;4.45;E0_1_2200m;5.00;104;105;38.99;4.58
6900.00;7200.00;1344.00;5.06;E0_0_2300m;5.00;112;112;36.90;5.16
6900.00;7200.00;1236.00;4.42;E0_1_2300m;5.00;103;103;38.84;4.56
6900.00;7200.00;1344.00;5.02;E0_0_2400m;5.00;112;111;37.00;5.12
6900.00;7200.00;1224.00;4.36;E0_1_2400m;5.00;102;103;39.39;4.50
6900.00;7200.00;1332.00;4.96;E0_0_2500m;5.00;111;110;37.04;5.05
6900.00;7200.00;1224.00;4.28;E0_1_2500m;5.00;102;101;39.51;4.41
6900.00;7200.00;1320.00;4.88;E0_0_2600m;5.00;110;109;37.38;4.97
6900.00;7200.00;1200.00;4.20;E0_1_2600m;5.00;100;100;39.86;4.34
6900.00;7200.00;1308.00;4.78;E0_0_2700m;5.00;109;108;37.99;4.89
6900.00;7200.00;1188.00;4.17;E0_1_2700m;5.00;99;100;39.70;4.32
6900.00;7200.00;1296.00;4.69;E0_0_2800m;5.00;108;107;38.15;4.82
6900.00;7200.00;1188.00;4.12;E0_1_2800m;5.00;99;99;40.07;4.30
6900.00;7200.00;1260.00;4.59;E0_0_2900m;5.00;105;106;38.23;4.75
6900.00;7200.00;1164.00;3.98;E0_1_2900m;5.00;97;97;40.59;4.21
6900.00;7200.00;1188.00;4.41;E0_0_3000m;5.00;99;104;41.35;5.05
6900.00;7200.00;1188.00;4.56;E0_1_3000m;5.00;99;99;36.20;4.91
6900.00;7200.00;1200.00;5.65;E0_0_3100m;5.00;100;100;29.48;5.82
6900.00;7200.00;1200.00;5.62;E0_1_3100m;5.00;100;100;29.64;5.79
6900.00;7200.00;1200.00;5.55;E0_0_3200m;5.00;100;99;29.76;5.73
6900.00;7200.00;1200.00;5.53;E0_1_3200m;5.00;100;99;29.88;5.71
6900.00;7200.00;1188.00;5.60;E0_0_3300m;5.00;99;99;29.46;5.84
6900.00;7200.00;1188.00;5.62;E0_1_3300m;5.00;99;99;29.38;5.87
6900.00;7200.00;1212.00;5.62;E0_0_3400m;5.00;101;100;29.83;6.03
6900.00;7200.00;1212.00;5.59;E0_1_3400m;5.00;101;101;30.09;6.02
6900.00;7200.00;1200.00;7.58;E0_0_3500m;5.00;100;105;24.39;8.78
6900.00;7200.00;1320.00;5.25;E0_1_3500m;5.00;110;111;35.04;7.53
6900.00;7200.00;1044.00;13.95;E0_0_3600m;5.00;87;89;11.13;14.74
6900.00;7200.00;1416.00;10.86;E0_1_3600m;5.00;118;118;18.11;11.48
6900.00;7200.00;1080.00;15.24;E0_0_3700m;5.00;90;92;9.93;15.83
6900.00;7200.00;1380.00;12.20;E0_1_3700m;5.00;115;116;15.75;12.75
6900.00;7200.00;1020.00;15.36;E0_0_3800m;5.00;85;85;10.33;16.23
6900.00;7200.00;1416.00;11.10;E0_1_3800m;5.00;118;121;18.06;12.17
6900.00;7200.00;1044.00;15.56;E0_0_3900m;5.00;87;92;9.52;15.91
6900.00;7200.00;1440.00;12.96;E0_1_3900m;5.00;120;122;15.55;13.24
6900.00;7200.00;936.00;17.65;E0_0_4000m;5.00;78;81;7.53;17.89
6900.00;7200.00;1476.00;14.77;E0_1_4000m;5.00;123;125;13.93;15.26
6900.00;7200.00;912.00;24.81;E0_0_4100m;5.00;76;76;5.17;25.01
6900.00;7200.00;1560.00;25.00;E0_1_4100m;5.00;130;131;8.67;25.22
6900.00;7200.00;960.00;26.26;E0_0_4200m;5.00;80;80;5.08;26.69
6900.00;7200.00;1536.00;27.48;E0_1_4200m;5.00;128;128;7.76;27.97
6900.00;7200.00;960.00;26.06;E0_0_4300m;5.00;80;80;5.17;26.59
6900.00;7200.00;1584.00;27.41;E0_1_4300m;5.00;132;133;8.08;28.05
6900.00;7200.00;972.00;25.41;E0_0_4400m;5.00;81;81;5.31;25.99
6900.00;7200.00;1560.00;26.76;E0_1_4400m;5.00;130;131;8.15;27.45
6900.00;7200.00;948.00;25.16;E0_0_4500m;5.00;79;80;5.30;25.77
6900.00;7200.00;1560.00;26.34;E0_1_4500m;5.00;130;132;8.30;27.18
6900.00;7200.00;924.00;24.71;E0_0_4600m;5.00;77;82;5.32;25.60
6900.00;7200.00;1524.00;26.03;E0_1_4600m;5.00;127;127;8.13;26.89
6900.00;7200.00;936.00;25.61;E0_0_4700m;5.00;78;78;5.08;25.97
6900.00;7200.00;1536.00;26.62;E0_1_4700m;5.00;128;129;8.01;27.15
6900.00;7200.00;936.00;25.78;E0_0_4800m;5.00;78;78;5.04;26.09
6900.00;7200.00;1548.00;26.89;E0_1_4800m;5.00;129;129;7.99;27.34
6900.00;7200.00;1008.00;25.38;E0_0_4900m;5.00;84;84;5.52;25.75
6900.00;7200.00;1536.00;26.93;E0_1_4900m;5.00;128;130;7.95;27.36
6900.00;7200.00;984.00;25.92;E0_0_5000m;5.00;82;82;5.27;26.19
6900.00;7200.00;1608.00;27.02;E0_1_5000m;5.00;134;134;8.27;27.38
7200.00;7500.00;0.00;-1.00;E0_0_0m;-1.00;0;0;0.00;-1.00
7200.00;7500.00;0.00;-1.00;E0_1_0m;-1.00;0;0;0.00;-1.00
7200.00;7500.00;1356.00;5.08;E0_0_100m;5.00;113;112;37.06;5.11
7200.00;7500.00;1224.00;4.46;E0_1_100m;5.00;102;103;38.53;4.51
7200.00;7500.00;1344.00;5.04;E0_0_200m;5.00;112;112;37.02;5.08
7200.00;7500.00;1236.00;4.39;E0_1_200m;5.00;103;102;38.87;4.45
7200.00;7500.00;1332.00;5.01;E0_0_300m;5.00;111;112;37.21;5.04
7200.00;7500.00;1224.00;4.37;E0_1_300m;5.00;102;102;38.88;4.43
7200.00;7500.00;1332.00;4.96;E0_0_400m;5.00;111;111;37.28;4.99
7200.00;7500.00;1212.00;4.35;E0_1_400m;5.00;101;102;38.81;4.41
7200.00;7500.00;1320.00;4.93;E0_0_500m;5.00;110;110;37.15;4.96
7200.00;7500.00;1212.00;4.31;E0_1_500m;5.00;101;101;39.18;4.36
7200.00;7500.00;1308.00;4.86;E0_0_600m;5.00;109;109;37.38;4.88
7200.00;7500.00;1200.00;4.27;E0_1_600m;5.00;100;101;39.14;4.32
7200.00;7500.00;1296.00;4.82;E0_0_700m;5.00;108;108;37.36;4.84
7200.00;7500.00;1188.00;4.21;E0_1_700m;5.00;99;99;39.22;4.25
7200.00;7500.00;1284.00;4.76;E0_0_800m;5.00;107;107;37.45;4.78
7200.00;7500.00;1176.00;4.14;E0_1_800m;5.00;98;98;39.43;4.18
7200.00;7500.00;1272.00;4.70;E0_0_900m;5.00;106;107;37.81;4.71
7200.00;7500.00;1176.00;4.06;E0_1_900m;5.00;98;97;39.87;4.10
7200.00;7500.00;1260.00;4.64;E0_0_1000m;5.00;105;106;37.89;4.66
7200.00;7500.00;1152.00;3.99;E0_1_1000m;5.00;96;97;40.29;4.02
7200.00;7500.00;1260.00;4.58;E0_0_1100m;5.00;105;105;38.43;4.61
7200.00;7500.00;1152.00;3.94;E0_1_1100m;5.00;96;95;40.57;3.96
7200.00;7500.00;1248.00;4.53;E0_0_1200m;5.00;104;105;38.50;4.56
7200.00;7500.00;1128.00;3.89;E0_1_1200m;5.00;94;94;40.30;3.92
7200.00;7500.00;1248.00;4.52;E0_0_1300m;5.00;104;105;38.57;4.55
7200.00;7500.00;1128.00;3.86;E0_1_1300m;5.00;94;94;40.59;3.89
7200.00;7500.00;1248.00;4.49;E0_0_1400m;5.00;104;105;38.73;4.52
7200.00;7500.00;1128.00;3.83;E0_1_1400m;5.00;94;93;40.78;3.87
7200.00;7500.00;1248.00;4.50;E0_0_1500m;5.00;104;105;38.57;4.54
7200.00;7500.00;1116.00;3.83;E0_1_1500m;5.00;93;94;40.69;3.87
7200.00;7500.00;1248.00;4.47;E0_0_1600m;5.00;104;103;38.68;4.51
7200.00;7500.00;1128.00;3.81;E0_1_1600m;5.00;94;93;41.09;3.86
7200.00;7500.00;1248.00;4.46;E0_0_1700m;5.00;104;104;38.88;4.51
7200.00;7500.00;1116.00;3.79;E0_1_1700m;5.00;93;93;40.86;3.85
7200.00;7500.00;1236.00;4.41;E0_0_1800m;5.00;103;103;38.91;4.46
7200.00;7500.00;1116.00;3.76;E0_1_1800m;5.00;93;93;41.37;3.83
7200.00;7500.00;1236.00;4.38;E0_0_1900m;5.00;103;103;39.19;4.43
7200.00;7500.00;1116.00;3.72;E0_1_1900m;5.00;93;92;41.59;3.79
7200.00;7500.00;1236.00;4.34;E0_0_2000m;5.00;103;102;39.33;4.39
7200.00;7500.00;1116.00;3.70;E0_1_2000m;5.00;93;92;41.73;3.76
7200.00;7500.00;1224.00;4.28;E0_0_2100m;5.00;102;102;39.70;4.33
7200.00;7500.00;1104.00;3.65;E0_1_2100m;5.00;92;92;41.96;3.71
7200.00;7500.00;1212.00;4.21;E0_0_2200m;5.00;101;101;40.03;4.24
7200.00;7500.00;1092.00;3.61;E0_1_2200m;5.00;91;90;41.98;3.65
7200.00;7500.00;1200.00;4.14;E0_0_2300m;5.00;100;100;40.28;4.16
7200.00;7500.00;1092.00;3.57;E0_1_2300m;5.00;91;90;42.45;3.60
7200.00;7500.00;1188.00;4.08;E0_0_2400m;5.00;99;99;40.43;4.09
7200.00;7500.00;1080.00;3.52;E0_1_2400m;5.00;90;90;42.40;3.55
7200.00;7500.00;1188.00;4.07;E0_0_2500m;5.00;99;100;40.54;4.08
7200.00;7500.00;1068.00;3.52;E0_1_2500m;5.00;89;90;42.41;3.55
7200.00;7500.00;1200.00;4.09;E0_0_2600m;5.00;100;100;40.72;4.11
7200.00;7500.00;1080.00;3.51;E0_1_2600m;5.00;90;89;42.37;3.55
7200.00;7500.00;1200.00;4.13;E0_0_2700m;5.00;100;100;40.38;4.15
7200.00;7500.00;1080.00;3.51;E0_1_2700m;5.00;90;89;42.58;3.56
7200.00;7500.00;1200.00;4.15;E0_0_2800m;5.00;100;100;40.19;4.18
7200.00;7500.00;1068.00;3.51;E0_1_2800m;5.00;89;90;42.53;3.57
7200.00;7500.00;1212.00;4.17;E0_0_2900m;5.00;101;100;40.33;4.23
7200.00;7500.00;1080.00;3.54;E0_1_2900m;5.00;90;90;42.41;3.64
7200.00;7500.00;1164.00;4.19;E0_0_3000m;5.00;97;101;40.91;4.71
7200.00;7500.00;1128.00;4.37;E0_1_3000m;5.00;94;95;36.12;4.69
7200.00;7500.00;1116.00;5.29;E0_0_3100m;5.00;93;93;29.30;5.35
7200.00;7500.00;1164.00;5.29;E0_1_3100m;5.00;97;97;30.57;5.35
7200.00;7500.00;1140.00;5.32;E0_0_3200m;5.00;95;95;29.76;5.40
7200.00;7500.00;1164.00;5.32;E0_1_3200m;5.00;97;97;30.37;5.41
7200.00;7500.00;1140.00;5.28;E0_0_3300m;5.00;95;95;29.99;5.41
7200.00;7500.00;1164.00;5.25;E0_1_3300m;5.00;97;98;30.83;5.38
7200.00;7500.00;1128.00;5.33;E0_0_3400m;5.00;94;94;29.40;5.58
7200.00;7500.00;1164.00;5.29;E0_1_3400m;5.00;97;96;30.54;5.57
7200.00;7500.00;996.00;7.00;E0_0_3500m;5.00;83;90;22.87;8.00
7200.00;7500.00;1272.00;5.04;E0_1_3500m;5.00;106;105;34.94;7.04
7200.00;7500.00;984.00;14.18;E0_0_3600m;5.00;82;82;10.10;15.75
7200.00;7500.00;1284.00;10.58;E0_1_3600m;5.00;107;112;17.44;11.66
7200.00;7500.00;936.00;16.57;E0_0_3700m;5.00;78;79;7.85;16.72
7200.00;7500.00;1272.00;13.42;E0_1_3700m;5.00;106;108;13.35;13.61
7200.00;7500.00;888.00;15.82;E0_0_3800m;5.00;74;79;8.02;16.33
7200.00;7500.00;1368.00;13.23;E0_1_3800m;5.00;114;115;14.36;13.80
7200.00;7500.00;924.00;15.98;E0_0_3900m;5.00;77;81;9.37;17.00
7200.00;7500.00;1368.00;13.03;E0_1_3900m;5.00;114;120;15.10;13.43
7200.00;7500.00;888.00;17.40;E0_0_4000m;5.00;74;79;7.42;17.65
7200.00;7500.00;1428.00;14.91;E0_1_4000m;5.00;119;122;13.46;15.59
7200.00;7500.00;780.00;25.33;E0_0_4100m;5.00;65;65;4.28;25.43
7200.00;7500.00;1500.00;25.89;E0_1_4100m;5.00;125;125;8.05;25.93
7200.00;7500.00;804.00;27.84;E0_0_4200m;5.00;67;67;4.01;28.04
7200.00;7500.00;1488.00;29.07;E0_1_4200m;5.00;124;124;7.11;29.25
7200.00;7500.00;792.00;28.01;E0_0_4300m;5.00;66;66;3.93;28.19
7200.00;7500.00;1476.00;29.58;E0_1_4300m;5.00;123;123;6.93;29.77
7200.00;7500.00;792.00;27.98;E0_0_4400m;5.00;66;66;3.93;28.16
7200.00;7500.00;1512.00;29.31;E0_1_4400m;5.00;126;126;7.17;29.54
7200.00;7500.00;816.00;27.58;E0_0_4500m;5.00;68;67;4.05;27.80
7200.00;7500.00;1500.00;28.87;E0_1_4500m;5.00;125;125;7.22;29.14
7200.00;7500.00;816.00;26.77;E0_0_4600m;5.00;68;67;4.16;27.11
7200.00;7500.00;1536.00;27.79;E0_1_4600m;5.00;128;129;7.71;28.21
7200.00;7500.00;816.00;26.57;E0_0_4700m;5.00;68;69;4.33;27.01
7200.00;7500.00;1560.00;27.61;E0_1_4700m;5.00;130;131;7.92;28.08
7200.00;7500.00;804.00;26.27;E0_0_4800m;5.00;67;67;4.25;26.61
7200.00;7500.00;1584.00;27.08;E0_1_4800m;5.00;132;133;8.14;27.61
7200.00;7500.00;768.00;25.96;E0_0_4900m;5.00;64;64;4.11;26.33
7200.00;7500.00;1572.00;27.19;E0_1_4900m;5.00;131;131;8.03;27.73
7200.00;7500.00;792.00;26.33;E0_0_5000m;5.00;66;67;4.19;26.62
7200.00;7500.00;1524.00;27.27;E0_1_5000m;5.00;127;127;7.76;27.77
7500.00;7800.00;0.00;-1.00;E0_0_0m;-1.00;0;0;0.00;-1.00
7500.00;7800.00;0.00;-1.00;E0_1_0m;-1.00;0;0;0.00;-1.00
7500.00;7800.00;1224.00;4.31;E0_0_100m;5.00;102;103;39.62;4.33
7500.00;7800.00;1140.00;3.71;E0_1_100m;5.00;95;94;42.24;3.75
7500.00;7800.00;1224.00;4.26;E0_0_200m;5.00;102;102;39.89;4.28
7500.00;7800.00;1116.00;3.66;E0_1_200m;5.00;93;94;42.53;3.68
7500.00;7800.00;1224.00;4.22;E0_0_300m;5.00;102;101;39.95;4.24
7500.00;7800.00;1116.00;3.63;E0_1_300m;5.00;93;93;42.69;3.65
7500.00;7800.00;1212.00;4.19;E0_0_400m;5.00;101;101;40.21;4.19
7500.00;7800.00;1104.00;3.61;E0_1_400m;5.00;92;92;42.54;3.63
7500.00;7800.00;1212.00;4.16;E0_0_500m;5.00;101;101;40.48;4.16
7500.00;7800.00;1104.00;3.58;E0_1_500m;5.00;92;91;42.73;3.59
7500.00;7800.00;1212.00;4.15;E0_0_600m;5.00;101;101;40.61;4.15
7500.00;7800.00;1092.00;3.56;E0_1_600m;5.00;91;91;42.63;3.57
7500.00;7800.00;1212.00;4.14;E0_0_700m;5.00;101;101;40.66;4.14
7500.00;7800.00;1080.00;3.54;E0_1_700m;5.00;90;91;42.78;3.55
7500.00;7800.00;1212.00;4.12;E0_0_800m;5.00;101;101;40.82;4.13
7500.00;7800.00;1080.00;3.53;E0_1_800m;5.00;90;90;42.52;3.53
7500.00;7800.00;1200.00;4.12;E0_0_900m;5.00;100;100;40.58;4.13
7500.00;7800.00;1068.00;3.51;E0_1_900m;5.00;89;89;42.25;3.52
7500.00;7800.00;1200.00;4.09;E0_0_1000m;5.00;100;99;40.58;4.09
7500.00;7800.00;1068.00;3.51;E0_1_1000m;5.00;89;89;42.39;3.52
7500.00;7800.00;1200.00;4.08;E0_0_1100m;5.00;100;99;40.53;4.08
7500.00;7800.00;1068.00;3.51;E0_1_1100m;5.00;89;89;42.27;3.52
7500.00;7800.00;1188.00;4.06;E0_0_1200m;5.00;99;99;40.79;4.06
7500.00;7800.00;1068.00;3.50;E0_1_1200m;5.00;89;90;42.43;3.51
7500.00;7800.00;1188.00;4.04;E0_0_1300m;5.00;99;98;40.61;4.05
7500.00;7800.00;1080.00;3.51;E0_1_1300m;5.00;90;89;42.37;3.51
7500.00;7800.00;1188.00;4.03;E0_0_1400m;5.00;99;98;40.82;4.04
7500.00;7800.00;1068.00;3.51;E0_1_1400m;5.00;89;90;42.55;3.52
7500.00;7800.00;1188.00;4.03;E0_0_1500m;5.00;99;98;40.93;4.04
7500.00;7800.00;1080.00;3.51;E0_1_1500m;5.00;90;89;42.45;3.52
7500.00;7800.00;1176.00;4.03;E0_0_1600m;5.00;98;99;40.62;4.04
7500.00;7800.00;1068.00;3.54;E0_1_1600m;5.00;89;90;42.22;3.54
7500.00;7800.00;1176.00;4.03;E0_0_1700m;5.00;98;98;40.49;4.05
7500.00;7800.00;1068.00;3.55;E0_1_1700m;5.00;89;90;42.21;3.56
7500.00;7800.00;1176.00;4.03;E0_0_1800m;5.00;98;98;40.51;4.05
7500.00;7800.00;1080.00;3.55;E0_1_1800m;5.00;90;89;41.91;3.56
7500.00;7800.00;1176.00;4.03;E0_0_1900m;5.00;98;98;40.50;4.05
7500.00;7800.00;1068.00;3.54;E0_1_1900m;5.00;89;90;42.04;3.55
7500.00;7800.00;1164.00;4.01;E0_0_2000m;5.00;97;98;40.43;4.04
7500.00;7800.00;1056.00;3.50;E0_1_2000m;5.00;88;89;42.22;3.51
7500.00;7800.00;1164.00;4.00;E0_0_2100m;5.00;97;97;40.40;4.03
7500.00;7800.00;1044.00;3.45;E0_1_2100m;5.00;87;88;42.17;3.47
7500.00;7800.00;1164.00;3.98;E0_0_2200m;5.00;97;97;40.59;4.02
7500.00;7800.00;1044.00;3.40;E0_1_2200m;5.00;87;87;42.64;3.42
7500.00;7800.00;1152.00;3.96;E0_0_2300m;5.00;96;97;40.73;4.00
7500.00;7800.00;1032.00;3.37;E0_1_2300m;5.00;86;86;42.55;3.40
7500.00;7800.00;1152.00;3.94;E0_0_2400m;5.00;96;97;40.61;3.99
7500.00;7800.00;1032.00;3.33;E0_1_2400m;5.00;86;86;43.21;3.36
7500.00;7800.00;1152.00;3.91;E0_0_2500m;5.00;96;95;40.93;3.95
7500.00;7800.00;1020.00;3.30;E0_1_2500m;5.00;85;85;43.25;3.32
7500.00;7800.00;1128.00;3.86;E0_0_2600m;5.00;94;95;40.95;3.90
7500.00;7800.00;1020.00;3.25;E0_1_2600m;5.00;85;85;43.60;3.28
7500.00;7800.00;1128.00;3.83;E0_0_2700m;5.00;94;95;41.28;3.87
7500.00;7800.00;1008.00;3.24;E0_1_2700m;5.00;84;85;43.25;3.27
7500.00;7800.00;1128.00;3.80;E0_0_2800m;5.00;94;94;41.19;3.86
7500.00;7800.00;1020.00;3.25;E0_1_2800m;5.00;85;84;43.31;3.31
7500.00;7800.00;1128.00;3.78;E0_0_2900m;5.00;94;94;41.48;3.86
7500.00;7800.00;1008.00;3.24;E0_1_2900m;5.00;84;85;43.64;3.34
7500.00;7800.00;1104.00;3.78;E0_0_3000m;5.00;92;94;42.45;4.15
7500.00;7800.00;1044.00;4.04;E0_1_3000m;5.00;87;86;35.65;4.29
7500.00;7800.00;1080.00;4.97;E0_0_3100m;5.00;90;90;30.20;5.07
7500.00;7800.00;1080.00;4.94;E0_1_3100m;5.00;90;90;30.35;5.06
7500.00;7800.00;1056.00;4.97;E0_0_3200m;5.00;88;89;29.74;5.13
7500.00;7800.00;1092.00;4.99;E0_1_3200m;5.00;91;91;30.38;5.15
7500.00;7800.00;1068.00;4.97;E0_0_3300m;5.00;89;89;29.85;5.20
7500.00;7800.00;1080.00;5.03;E0_1_3300m;5.00;90;90;29.93;5.28
7500.00;7800.00;1092.00;4.96;E0_0_3400m;5.00;91;92;30.61;5.41
7500.00;7800.00;1092.00;4.92;E0_1_3400m;5.00;91;92;30.86;5.44
7500.00;7800.00;984.00;7.47;E0_0_3500m;5.00;82;92;25.36;8.85
7500.00;7800.00;1248.00;4.72;E0_1_3500m;5.00;104;106;37.02;7.03
7500.00;7800.00;888.00;14.20;E0_0_3600m;5.00;74;78;10.04;15.51
7500.00;7800.00;1356.00;10.72;E0_1_3600m;5.00;113;115;17.70;12.39
7500.00;7800.00;960.00;16.65;E0_0_3700m;5.00;80;83;8.15;17.05
7500.00;7800.00;1308.00;13.06;E0_1_3700m;5.00;109;113;14.33;13.21
7500.00;7800.00;828.00;16.58;E0_0_3800m;5.00;69;73;7.08;16.67
7500.00;7800.00;1380.00;13.52;E0_1_3800m;5.00;115;117;14.28;13.76
7500.00;7800.00;828.00;15.02;E0_0_3900m;5.00;69;70;7.72;16.82
7500.00;7800.00;1344.00;12.36;E0_1_3900m;5.00;112;115;15.43;13.76
7500.00;7800.00;768.00;17.33;E0_0_4000m;5.00;64;68;6.38;17.48
7500.00;7800.00;1416.00;14.11;E0_1_4000m;5.00;118;120;14.00;15.04
7500.00;7800.00;744.00;25.23;E0_0_4100m;5.00;62;63;4.16;25.34
7500.00;7800.00;1428.00;25.61;E0_1_4100m;5.00;119;120;7.77;25.82
7500.00;7800.00;708.00;27.92;E0_0_4200m;5.00;59;60;3.59;28.10
7500.00;7800.00;1440.00;29.07;E0_1_4200m;5.00;120;121;6.90;29.20
7500.00;7800.00;720.00;28.04;E0_0_4300m;5.00;60;60;3.57;28.23
7500.00;7800.00;1416.00;29.57;E0_1_4300m;5.00;118;118;6.65;29.74
7500.00;7800.00;756.00;27.90;E0_0_4400m;5.00;63;64;3.83;28.10
7500.00;7800.00;1344.00;29.68;E0_1_4400m;5.00;112;113;6.31;29.91
7500.00;7800.00;720.00;27.97;E0_0_4500m;5.00;60;60;3.57;28.16
7500.00;7800.00;1380.00;29.23;E0_1_4500m;5.00;115;115;6.56;29.39
7500.00;7800.00;744.00;27.65;E0_0_4600m;5.00;62;62;3.74;27.85
7500.00;7800.00;1368.00;29.28;E0_1_4600m;5.00;114;113;6.45;29.42
7500.00;7800.00;732.00;27.52;E0_0_4700m;5.00;61;61;3.69;27.71
7500.00;7800.00;1368.00;28.81;E0_1_4700m;5.00;114;114;6.59;28.99
7500.00;7800.00;756.00;27.52;E0_0_4800m;5.00;63;63;3.82;27.69
7500.00;7800.00;1356.00;28.48;E0_1_4800m;5.00;113;113;6.61;28.67
7500.00;7800.00;816.00;26.79;E0_0_4900m;5.00;68;69;4.24;27.10
7500.00;7800.00;1320.00;28.04;E0_1_4900m;5.00;110;111;6.54;28.32
7500.00;7800.00;768.00;27.35;E0_0_5000m;5.00;64;64;3.90;27.52
7500.00;7800.00;1380.00;28.45;E0_1_5000m;5.00;115;115;6.74;28.61
